Rk,G,Date,Age,Tm,Opp,GS,MP,FG,FGA,FG%,3P,3PA,3P%,FT,FTA,FT%,ORB,DRB,TRB,AST,STL,BLK,TOV,PF,PTS,GmSc,+/-,2PA,2P,2P%,Shared Games with Blake Wesley,Shared Games with Charles Bassey,Shared Games with Devin Vassell,Shared Games with Dominick Barlow,Shared Games with Doug McDermott,Shared Games with Gorgui Dieng,Shared Games with Isaiah Roby,Shared Games with Jakob Poeltl,Shared Games with Jeremy Sochan,Shared Games with Josh Richardson,Shared Games with Keita Bates-Diop,Shared Games with Malaki Branham,Shared Games with Romeo Langford,Shared Games with Stanley Johnson,Shared Games with Tre Jones,Shared Games with Zach Collins,Alize Johnson,Blake Wesley,Charles Bassey,Devin Vassell,Dominick Barlow,Doug McDermott,Gorgui Dieng,Isaiah Roby,Jakob Poeltl,Jeremy Sochan,Jordan Hall,Josh Richardson,Joshua Primo,Keita Bates-Diop,Malaki Branham,Romeo Langford,Stanley Johnson,Tre Jones,Zach Collins,co_inf with Alize Johnson,co_inf with Blake Wesley,co_inf with Charles Bassey,co_inf with Devin Vassell,co_inf with Dominick Barlow,co_inf with Doug McDermott,co_inf with Gorgui Dieng,co_inf with Isaiah Roby,co_inf with Jakob Poeltl,co_inf with Jeremy Sochan,co_inf with Jordan Hall,co_inf with Josh Richardson,co_inf with Joshua Primo,co_inf with Keita Bates-Diop,co_inf with Malaki Branham,co_inf with Romeo Langford,co_inf with Stanley Johnson,co_inf with Tre Jones,co_inf with Zach Collins,Shared Games with Devonte' Graham,Shared Games with Julian Champagnie,Shared Games with Sandro Mamukelashvili,Devonte' Graham,Julian Champagnie,Justin Jackson,Khem Birch,Sandro Mamukelashvili,co_inf with Devonte' Graham,co_inf with Julian Champagnie,co_inf with Justin Jackson,co_inf with Khem Birch,co_inf with Sandro Mamukelashvili,Total Shared Players,CO_EFF,EFF,avg_EFF,CO_HGS,HGS,avg_HGS,PER,WS,BPM,OBPM,DBPM,Co_Points_Share,TS%,3PAr,FTr,VORP,OWS,New Column,Result
1.0,1.0,2022-10-19,23-008,SAS,CHO,1,29.65,8.0,17.0,.471,3.0,7.0,.429,1,2.0,.500,2.0,9.0,11.0,4.0,2.0,0.0,2.0,2.0,20.0,17.0,-11,10.0,5.0,0.5,24,29,30,15,51,25,37,41,46,37,48,50,30,27,53,49,4.0,37.0,35.0,38.0,28.0,64.0,31.0,42.0,72.0,56.0,9.0,65.0,4.0,67.0,66.0,43.0,30.0,68.0,63.0,0.0,0.6486486486486487,0.8285714285714286,0.7894736842105263,0.5357142857142857,0.796875,0.8064516129032258,0.8809523809523809,0.5694444444444444,0.8214285714285714,0.0,0.5692307692307692,0.0,0.7164179104477612,0.7575757575757576,0.6976744186046512,0.9,0.7794117647058824,0.7777777777777778,12,8,9,73.0,17.0,23.0,20.0,43.0,0.1643835616438356,0.4705882352941176,0.0,0.0,0.2093023255813953,19,16.0,26.0,1.368421052631579,16.599999999999994,34.99999999999999,1.8421052631578945,15.3,1.3,-1.8,0.7,-2.5,0.1494228072068184,0.551,0.366,0.294,0.1,0.7,L (-27),L (-27)
2.0,2.0,2022-10-21,23-010,SAS,IND,1,33.4,8.0,15.0,.533,4.0,9.0,.444,3,4.0,.750,0.0,3.0,3.0,6.0,1.0,0.0,2.0,4.0,23.0,17.8,+16,6.0,4.0,0.6666666666666666,24,29,30,15,51,25,37,41,46,37,48,50,30,27,53,49,4.0,37.0,35.0,38.0,28.0,64.0,31.0,42.0,72.0,56.0,9.0,65.0,4.0,67.0,66.0,43.0,30.0,68.0,63.0,0.0,0.6486486486486487,0.8285714285714286,0.7894736842105263,0.5357142857142857,0.796875,0.8064516129032258,0.8809523809523809,0.5694444444444444,0.8214285714285714,0.0,0.5692307692307692,0.0,0.7164179104477612,0.7575757575757576,0.6976744186046512,0.9,0.7794117647058824,0.7777777777777778,12,8,9,73.0,17.0,23.0,20.0,43.0,0.1643835616438356,0.4705882352941176,0.0,0.0,0.2093023255813953,19,12.0,49.0,2.5789473684210527,16.599999999999994,48.80000000000001,2.5684210526315794,15.3,1.3,-1.8,0.7,-2.5,0.1494228072068184,0.551,0.366,0.294,0.1,0.7,W (+3),W (+3)
3.0,3.0,2022-10-22,23-011,SAS,PHI,1,31.75,7.0,17.0,.412,3.0,8.0,.375,4,5.0,.800,2.0,6.0,8.0,0.0,1.0,0.0,3.0,1.0,21.0,12.3,+13,9.0,4.0,0.4444444444444444,24,29,30,15,51,25,37,41,46,37,48,50,30,27,53,49,4.0,37.0,35.0,38.0,28.0,64.0,31.0,42.0,72.0,56.0,9.0,65.0,4.0,67.0,66.0,43.0,30.0,68.0,63.0,0.0,0.6486486486486487,0.8285714285714286,0.7894736842105263,0.5357142857142857,0.796875,0.8064516129032258,0.8809523809523809,0.5694444444444444,0.8214285714285714,0.0,0.5692307692307692,0.0,0.7164179104477612,0.7575757575757576,0.6976744186046512,0.9,0.7794117647058824,0.7777777777777778,12,8,9,73.0,17.0,23.0,20.0,43.0,0.1643835616438356,0.4705882352941176,0.0,0.0,0.2093023255813953,19,5.0,58.0,3.0526315789473686,10.7,60.3,3.173684210526316,15.3,1.3,-1.8,0.7,-2.5,0.1494228072068184,0.551,0.366,0.294,0.1,0.7,W (+9),W (+9)
4.0,4.0,2022-10-24,23-013,SAS,MIN,1,33.8,8.0,20.0,.400,1.0,6.0,.167,1,4.0,.250,0.0,3.0,3.0,4.0,2.0,0.0,1.0,0.0,18.0,10.7,+5,14.0,7.0,0.5,24,29,30,15,51,25,37,41,46,37,48,50,30,27,53,49,4.0,37.0,35.0,38.0,28.0,64.0,31.0,42.0,72.0,56.0,9.0,65.0,4.0,67.0,66.0,43.0,30.0,68.0,63.0,0.0,0.6486486486486487,0.8285714285714286,0.7894736842105263,0.5357142857142857,0.796875,0.8064516129032258,0.8809523809523809,0.5694444444444444,0.8214285714285714,0.0,0.5692307692307692,0.0,0.7164179104477612,0.7575757575757576,0.6976744186046512,0.9,0.7794117647058824,0.7777777777777778,12,8,9,73.0,17.0,23.0,20.0,43.0,0.1643835616438356,0.4705882352941176,0.0,0.0,0.2093023255813953,19,2.0,70.0,3.684210526315789,10.3,66.29999999999998,3.4894736842105254,15.3,1.3,-1.8,0.7,-2.5,0.1494228072068184,0.551,0.366,0.294,0.1,0.7,W (+9),W (+9)
5.0,5.0,2022-10-26,23-015,SAS,MIN,1,33.28333333333333,9.0,20.0,.450,5.0,10.0,.500,4,4.0,1.000,0.0,4.0,4.0,3.0,0.0,0.0,3.0,2.0,27.0,16.1,-2,10.0,4.0,0.4,24,29,30,15,51,25,37,41,46,37,48,50,30,27,53,49,4.0,37.0,35.0,38.0,28.0,64.0,31.0,42.0,72.0,56.0,9.0,65.0,4.0,67.0,66.0,43.0,30.0,68.0,63.0,0.0,0.6486486486486487,0.8285714285714286,0.7894736842105263,0.5357142857142857,0.796875,0.8064516129032258,0.8809523809523809,0.5694444444444444,0.8214285714285714,0.0,0.5692307692307692,0.0,0.7164179104477612,0.7575757575757576,0.6976744186046512,0.9,0.7794117647058824,0.7777777777777778,12,8,9,73.0,17.0,23.0,20.0,43.0,0.1643835616438356,0.4705882352941176,0.0,0.0,0.2093023255813953,19,7.0,61.0,3.210526315789474,14.499999999999996,72.99999999999999,3.842105263157894,15.3,1.3,-1.8,0.7,-2.5,0.1494228072068184,0.551,0.366,0.294,0.1,0.7,L (-12),L (-12)
6.0,6.0,2022-10-28,23-017,SAS,CHI,1,34.666666666666664,8.0,19.0,.421,6.0,12.0,.500,11,12.0,.917,0.0,3.0,3.0,4.0,2.0,0.0,4.0,2.0,33.0,23.4,+10,7.0,2.0,0.2857142857142857,24,29,30,15,51,25,37,41,46,37,48,50,30,27,53,49,4.0,37.0,35.0,38.0,28.0,64.0,31.0,42.0,72.0,56.0,9.0,65.0,4.0,67.0,66.0,43.0,30.0,68.0,63.0,0.0,0.6486486486486487,0.8285714285714286,0.7894736842105263,0.5357142857142857,0.796875,0.8064516129032258,0.8809523809523809,0.5694444444444444,0.8214285714285714,0.0,0.5692307692307692,0.0,0.7164179104477612,0.7575757575757576,0.6976744186046512,0.9,0.7794117647058824,0.7777777777777778,12,8,9,73.0,17.0,23.0,20.0,43.0,0.1643835616438356,0.4705882352941176,0.0,0.0,0.2093023255813953,19,7.0,60.0,3.1578947368421053,19.0,62.29999999999999,3.278947368421052,15.3,1.3,-1.8,0.7,-2.5,0.1494228072068184,0.551,0.366,0.294,0.1,0.7,W (+5),W (+5)
7.0,7.0,2022-10-30,23-019,SAS,MIN,1,38.05,8.0,15.0,.533,5.0,10.0,.500,4,4.0,1.000,0.0,6.0,6.0,8.0,1.0,1.0,5.0,1.0,25.0,21.4,+20,5.0,3.0,0.6,24,29,30,15,51,25,37,41,46,37,48,50,30,27,53,49,4.0,37.0,35.0,38.0,28.0,64.0,31.0,42.0,72.0,56.0,9.0,65.0,4.0,67.0,66.0,43.0,30.0,68.0,63.0,0.0,0.6486486486486487,0.8285714285714286,0.7894736842105263,0.5357142857142857,0.796875,0.8064516129032258,0.8809523809523809,0.5694444444444444,0.8214285714285714,0.0,0.5692307692307692,0.0,0.7164179104477612,0.7575757575757576,0.6976744186046512,0.9,0.7794117647058824,0.7777777777777778,12,8,9,73.0,17.0,23.0,20.0,43.0,0.1643835616438356,0.4705882352941176,0.0,0.0,0.2093023255813953,19,17.0,40.0,2.1052631578947367,19.800000000000004,49.8,2.621052631578947,15.3,1.3,-1.8,0.7,-2.5,0.1494228072068184,0.551,0.366,0.294,0.1,0.7,W (+9),W (+9)
8.0,,2022-11-02,23-022,SAS,TOR,,0.0,0.0,0.0,,,,,,0.0,,0.0,0.0,,0.0,0.0,0.0,0.0,0.0,0.0,,,,,,24,29,30,15,51,25,37,41,46,37,48,50,30,27,53,49,4.0,37.0,35.0,38.0,28.0,64.0,31.0,42.0,72.0,56.0,9.0,65.0,4.0,67.0,66.0,43.0,30.0,68.0,63.0,0.0,0.6486486486486487,0.8285714285714286,0.7894736842105263,0.5357142857142857,0.796875,0.8064516129032258,0.8809523809523809,0.5694444444444444,0.8214285714285714,0.0,0.5692307692307692,0.0,0.7164179104477612,0.7575757575757576,0.6976744186046512,0.9,0.7794117647058824,0.7777777777777778,12,8,9,73.0,17.0,23.0,20.0,43.0,0.1643835616438356,0.4705882352941176,0.0,0.0,0.2093023255813953,19,,63.0,3.3157894736842106,0.0,57.09999999999999,3.005263157894736,15.3,1.3,-1.8,0.7,-2.5,0.1494228072068184,0.551,0.366,0.294,0.1,0.7,L (-43),L (-43)
9.0,8.0,2022-11-04,23-024,SAS,LAC,1,34.416666666666664,7.0,19.0,.368,2.0,9.0,.222,0,1.0,.000,1.0,6.0,7.0,3.0,0.0,0.0,0.0,3.0,16.0,8.5,-12,10.0,5.0,0.5,24,29,30,15,51,25,37,41,46,37,48,50,30,27,53,49,4.0,37.0,35.0,38.0,28.0,64.0,31.0,42.0,72.0,56.0,9.0,65.0,4.0,67.0,66.0,43.0,30.0,68.0,63.0,0.0,0.6486486486486487,0.8285714285714286,0.7894736842105263,0.5357142857142857,0.796875,0.8064516129032258,0.8809523809523809,0.5694444444444444,0.8214285714285714,0.0,0.5692307692307692,0.0,0.7164179104477612,0.7575757575757576,0.6976744186046512,0.9,0.7794117647058824,0.7777777777777778,12,8,9,73.0,17.0,23.0,20.0,43.0,0.1643835616438356,0.4705882352941176,0.0,0.0,0.2093023255813953,19,6.0,59.0,3.1052631578947367,8.5,71.69999999999999,3.7736842105263153,15.3,1.3,-1.8,0.7,-2.5,0.1494228072068184,0.551,0.366,0.294,0.1,0.7,L (-7),L (-7)
10.0,9.0,2022-11-05,23-025,SAS,DEN,1,31.133333333333333,8.0,14.0,.571,4.0,7.0,.571,5,6.0,.833,0.0,3.0,3.0,4.0,0.0,0.0,3.0,0.0,25.0,18.7,-16,7.0,4.0,0.5714285714285714,24,29,30,15,51,25,37,41,46,37,48,50,30,27,53,49,4.0,37.0,35.0,38.0,28.0,64.0,31.0,42.0,72.0,56.0,9.0,65.0,4.0,67.0,66.0,43.0,30.0,68.0,63.0,0.0,0.6486486486486487,0.8285714285714286,0.7894736842105263,0.5357142857142857,0.796875,0.8064516129032258,0.8809523809523809,0.5694444444444444,0.8214285714285714,0.0,0.5692307692307692,0.0,0.7164179104477612,0.7575757575757576,0.6976744186046512,0.9,0.7794117647058824,0.7777777777777778,12,8,9,73.0,17.0,23.0,20.0,43.0,0.1643835616438356,0.4705882352941176,0.0,0.0,0.2093023255813953,19,9.0,57.0,3.0,16.700000000000003,57.99999999999999,3.052631578947368,15.3,1.3,-1.8,0.7,-2.5,0.1494228072068184,0.551,0.366,0.294,0.1,0.7,L (-25),L (-25)
11.0,10.0,2022-11-07,23-027,SAS,DEN,1,35.666666666666664,12.0,20.0,.600,5.0,11.0,.455,1,2.0,.500,1.0,4.0,5.0,2.0,2.0,0.0,6.0,2.0,30.0,18.9,-17,9.0,7.0,0.7777777777777778,24,29,30,15,51,25,37,41,46,37,48,50,30,27,53,49,4.0,37.0,35.0,38.0,28.0,64.0,31.0,42.0,72.0,56.0,9.0,65.0,4.0,67.0,66.0,43.0,30.0,68.0,63.0,0.0,0.6486486486486487,0.8285714285714286,0.7894736842105263,0.5357142857142857,0.796875,0.8064516129032258,0.8809523809523809,0.5694444444444444,0.8214285714285714,0.0,0.5692307692307692,0.0,0.7164179104477612,0.7575757575757576,0.6976744186046512,0.9,0.7794117647058824,0.7777777777777778,12,8,9,73.0,17.0,23.0,20.0,43.0,0.1643835616438356,0.4705882352941176,0.0,0.0,0.2093023255813953,19,11.0,59.0,3.1052631578947367,18.5,58.2,3.0631578947368423,15.3,1.3,-1.8,0.7,-2.5,0.1494228072068184,0.551,0.366,0.294,0.1,0.7,L (-6),L (-6)
12.0,11.0,2022-11-09,23-029,SAS,MEM,1,39.73333333333333,4.0,15.0,.267,2.0,8.0,.250,6,10.0,.600,2.0,6.0,8.0,4.0,0.0,0.0,3.0,1.0,16.0,8.1,-13,7.0,2.0,0.2857142857142857,24,29,30,15,51,25,37,41,46,37,48,50,30,27,53,49,4.0,37.0,35.0,38.0,28.0,64.0,31.0,42.0,72.0,56.0,9.0,65.0,4.0,67.0,66.0,43.0,30.0,68.0,63.0,0.0,0.6486486486486487,0.8285714285714286,0.7894736842105263,0.5357142857142857,0.796875,0.8064516129032258,0.8809523809523809,0.5694444444444444,0.8214285714285714,0.0,0.5692307692307692,0.0,0.7164179104477612,0.7575757575757576,0.6976744186046512,0.9,0.7794117647058824,0.7777777777777778,12,8,9,73.0,17.0,23.0,20.0,43.0,0.1643835616438356,0.4705882352941176,0.0,0.0,0.2093023255813953,19,0.0,55.0,2.894736842105264,5.700000000000001,60.00000000000001,3.1578947368421058,15.3,1.3,-1.8,0.7,-2.5,0.1494228072068184,0.551,0.366,0.294,0.1,0.7,L (-2),L (-2)
13.0,12.0,2022-11-11,23-031,SAS,MIL,1,31.95,9.0,17.0,.529,5.0,8.0,.625,6,6.0,1.000,0.0,2.0,2.0,2.0,1.0,0.0,4.0,2.0,29.0,18.9,+7,9.0,4.0,0.4444444444444444,24,29,30,15,51,25,37,41,46,37,48,50,30,27,53,49,4.0,37.0,35.0,38.0,28.0,64.0,31.0,42.0,72.0,56.0,9.0,65.0,4.0,67.0,66.0,43.0,30.0,68.0,63.0,0.0,0.6486486486486487,0.8285714285714286,0.7894736842105263,0.5357142857142857,0.796875,0.8064516129032258,0.8809523809523809,0.5694444444444444,0.8214285714285714,0.0,0.5692307692307692,0.0,0.7164179104477612,0.7575757575757576,0.6976744186046512,0.9,0.7794117647058824,0.7777777777777778,12,8,9,73.0,17.0,23.0,20.0,43.0,0.1643835616438356,0.4705882352941176,0.0,0.0,0.2093023255813953,19,7.0,55.0,2.894736842105264,16.500000000000004,54.6,2.873684210526316,15.3,1.3,-1.8,0.7,-2.5,0.1494228072068184,0.551,0.366,0.294,0.1,0.7,W (+18),W (+18)
14.0,13.0,2022-11-14,23-034,SAS,GSW,1,18.58333333333333,5.0,15.0,.333,3.0,9.0,.333,2,2.0,1.000,0.0,1.0,1.0,1.0,0.0,0.0,1.0,0.0,15.0,6.5,-18,6.0,2.0,0.3333333333333333,24,29,30,15,51,25,37,41,46,37,48,50,30,27,53,49,4.0,37.0,35.0,38.0,28.0,64.0,31.0,42.0,72.0,56.0,9.0,65.0,4.0,67.0,66.0,43.0,30.0,68.0,63.0,0.0,0.6486486486486487,0.8285714285714286,0.7894736842105263,0.5357142857142857,0.796875,0.8064516129032258,0.8809523809523809,0.5694444444444444,0.8214285714285714,0.0,0.5692307692307692,0.0,0.7164179104477612,0.7575757575757576,0.6976744186046512,0.9,0.7794117647058824,0.7777777777777778,12,8,9,73.0,17.0,23.0,20.0,43.0,0.1643835616438356,0.4705882352941176,0.0,0.0,0.2093023255813953,19,-1.0,18.0,0.9473684210526316,5.7,32.8,1.726315789473684,15.3,1.3,-1.8,0.7,-2.5,0.1494228072068184,0.551,0.366,0.294,0.1,0.7,L (-37),L (-37)
15.0,14.0,2022-11-15,23-035,SAS,POR,1,34.05,6.0,14.0,.429,4.0,9.0,.444,4,5.0,.800,0.0,5.0,5.0,5.0,2.0,0.0,4.0,1.0,20.0,14.8,-7,5.0,2.0,0.4,24,29,30,15,51,25,37,41,46,37,48,50,30,27,53,49,4.0,37.0,35.0,38.0,28.0,64.0,31.0,42.0,72.0,56.0,9.0,65.0,4.0,67.0,66.0,43.0,30.0,68.0,63.0,0.0,0.6486486486486487,0.8285714285714286,0.7894736842105263,0.5357142857142857,0.796875,0.8064516129032258,0.8809523809523809,0.5694444444444444,0.8214285714285714,0.0,0.5692307692307692,0.0,0.7164179104477612,0.7575757575757576,0.6976744186046512,0.9,0.7794117647058824,0.7777777777777778,12,8,9,73.0,17.0,23.0,20.0,43.0,0.1643835616438356,0.4705882352941176,0.0,0.0,0.2093023255813953,19,9.0,54.0,2.8421052631578947,13.200000000000005,55.6,2.9263157894736844,15.3,1.3,-1.8,0.7,-2.5,0.1494228072068184,0.551,0.366,0.294,0.1,0.7,L (-7),L (-7)
16.0,,2022-11-17,23-037,SAS,SAC,Did Not Play,0.0,0.0,0.0,Did Not Play,,,Did Not Play,Did Not Play,0.0,Did Not Play,0.0,0.0,,0.0,0.0,0.0,0.0,0.0,0.0,Did Not Play,Did Not Play,,,,24,29,30,15,51,25,37,41,46,37,48,50,30,27,53,49,4.0,37.0,35.0,38.0,28.0,64.0,31.0,42.0,72.0,56.0,9.0,65.0,4.0,67.0,66.0,43.0,30.0,68.0,63.0,0.0,0.6486486486486487,0.8285714285714286,0.7894736842105263,0.5357142857142857,0.796875,0.8064516129032258,0.8809523809523809,0.5694444444444444,0.8214285714285714,0.0,0.5692307692307692,0.0,0.7164179104477612,0.7575757575757576,0.6976744186046512,0.9,0.7794117647058824,0.7777777777777778,12,8,9,73.0,17.0,23.0,20.0,43.0,0.1643835616438356,0.4705882352941176,0.0,0.0,0.2093023255813953,19,,57.0,3.0,0.0,66.60000000000001,3.505263157894737,15.3,1.3,-1.8,0.7,-2.5,0.1494228072068184,0.551,0.366,0.294,0.1,0.7,L (-18),L (-18)
17.0,15.0,2022-11-19,23-039,SAS,LAC,1,27.616666666666667,5.0,15.0,.333,1.0,5.0,.200,0,0.0,,1.0,1.0,2.0,1.0,1.0,0.0,0.0,1.0,11.0,4.8,-18,10.0,4.0,0.4,24,29,30,15,51,25,37,41,46,37,48,50,30,27,53,49,4.0,37.0,35.0,38.0,28.0,64.0,31.0,42.0,72.0,56.0,9.0,65.0,4.0,67.0,66.0,43.0,30.0,68.0,63.0,0.0,0.6486486486486487,0.8285714285714286,0.7894736842105263,0.5357142857142857,0.796875,0.8064516129032258,0.8809523809523809,0.5694444444444444,0.8214285714285714,0.0,0.5692307692307692,0.0,0.7164179104477612,0.7575757575757576,0.6976744186046512,0.9,0.7794117647058824,0.7777777777777778,12,8,9,73.0,17.0,23.0,20.0,43.0,0.1643835616438356,0.4705882352941176,0.0,0.0,0.2093023255813953,19,0.0,50.0,2.631578947368421,4.799999999999999,52.400000000000006,2.7578947368421054,15.3,1.3,-1.8,0.7,-2.5,0.1494228072068184,0.551,0.366,0.294,0.1,0.7,L (-22),L (-22)
18.0,16.0,2022-11-20,23-040,SAS,LAL,1,31.0,4.0,20.0,.200,1.0,10.0,.100,3,5.0,.600,2.0,1.0,3.0,1.0,1.0,0.0,2.0,2.0,12.0,-0.6,-28,10.0,3.0,0.3,24,29,30,15,51,25,37,41,46,37,48,50,30,27,53,49,4.0,37.0,35.0,38.0,28.0,64.0,31.0,42.0,72.0,56.0,9.0,65.0,4.0,67.0,66.0,43.0,30.0,68.0,63.0,0.0,0.6486486486486487,0.8285714285714286,0.7894736842105263,0.5357142857142857,0.796875,0.8064516129032258,0.8809523809523809,0.5694444444444444,0.8214285714285714,0.0,0.5692307692307692,0.0,0.7164179104477612,0.7575757575757576,0.6976744186046512,0.9,0.7794117647058824,0.7777777777777778,12,8,9,73.0,17.0,23.0,20.0,43.0,0.1643835616438356,0.4705882352941176,0.0,0.0,0.2093023255813953,19,-10.0,47.0,2.473684210526316,-1.8,56.00000000000001,2.947368421052632,15.3,1.3,-1.8,0.7,-2.5,0.1494228072068184,0.551,0.366,0.294,0.1,0.7,L (-31),L (-31)
19.0,17.0,2022-11-23,23-043,SAS,NOP,1,16.1,2.0,9.0,.222,0.0,4.0,.000,1,1.0,1.000,0.0,1.0,1.0,0.0,0.0,0.0,1.0,1.0,5.0,-1.6,-20,5.0,2.0,0.4,24,29,30,15,51,25,37,41,46,37,48,50,30,27,53,49,4.0,37.0,35.0,38.0,28.0,64.0,31.0,42.0,72.0,56.0,9.0,65.0,4.0,67.0,66.0,43.0,30.0,68.0,63.0,0.0,0.6486486486486487,0.8285714285714286,0.7894736842105263,0.5357142857142857,0.796875,0.8064516129032258,0.8809523809523809,0.5694444444444444,0.8214285714285714,0.0,0.5692307692307692,0.0,0.7164179104477612,0.7575757575757576,0.6976744186046512,0.9,0.7794117647058824,0.7777777777777778,12,8,9,73.0,17.0,23.0,20.0,43.0,0.1643835616438356,0.4705882352941176,0.0,0.0,0.2093023255813953,19,-5.0,53.0,2.789473684210526,-2.0,69.4,3.6526315789473687,15.3,1.3,-1.8,0.7,-2.5,0.1494228072068184,0.551,0.366,0.294,0.1,0.7,L (-19),L (-19)
20.0,18.0,2022-11-25,23-045,SAS,LAL,1,35.13333333333333,6.0,23.0,.261,1.0,8.0,.125,2,3.0,.667,3.0,6.0,9.0,2.0,1.0,0.0,2.0,2.0,15.0,4.4,-11,15.0,5.0,0.3333333333333333,24,29,30,15,51,25,37,41,46,37,48,50,30,27,53,49,4.0,37.0,35.0,38.0,28.0,64.0,31.0,42.0,72.0,56.0,9.0,65.0,4.0,67.0,66.0,43.0,30.0,68.0,63.0,0.0,0.6486486486486487,0.8285714285714286,0.7894736842105263,0.5357142857142857,0.796875,0.8064516129032258,0.8809523809523809,0.5694444444444444,0.8214285714285714,0.0,0.5692307692307692,0.0,0.7164179104477612,0.7575757575757576,0.6976744186046512,0.9,0.7794117647058824,0.7777777777777778,12,8,9,73.0,17.0,23.0,20.0,43.0,0.1643835616438356,0.4705882352941176,0.0,0.0,0.2093023255813953,19,-1.0,57.0,3.0,3.6000000000000014,62.6,3.294736842105263,15.3,1.3,-1.8,0.7,-2.5,0.1494228072068184,0.551,0.366,0.294,0.1,0.7,L (-11),L (-11)
21.0,19.0,2022-11-26,23-046,SAS,LAL,1,36.516666666666666,10.0,28.0,.357,3.0,9.0,.333,3,5.0,.600,3.0,7.0,10.0,3.0,2.0,1.0,0.0,6.0,26.0,16.2,-13,19.0,7.0,0.3684210526315789,24,29,30,15,51,25,37,41,46,37,48,50,30,27,53,49,4.0,37.0,35.0,38.0,28.0,64.0,31.0,42.0,72.0,56.0,9.0,65.0,4.0,67.0,66.0,43.0,30.0,68.0,63.0,0.0,0.6486486486486487,0.8285714285714286,0.7894736842105263,0.5357142857142857,0.796875,0.8064516129032258,0.8809523809523809,0.5694444444444444,0.8214285714285714,0.0,0.5692307692307692,0.0,0.7164179104477612,0.7575757575757576,0.6976744186046512,0.9,0.7794117647058824,0.7777777777777778,12,8,9,73.0,17.0,23.0,20.0,43.0,0.1643835616438356,0.4705882352941176,0.0,0.0,0.2093023255813953,19,9.0,81.0,4.2631578947368425,15.000000000000009,82.3,4.3315789473684205,15.3,1.3,-1.8,0.7,-2.5,0.1494228072068184,0.551,0.366,0.294,0.1,0.7,,
22.0,20.0,2022-11-30,23-050,SAS,OKC,1,35.78333333333333,5.0,22.0,.227,4.0,13.0,.308,5,8.0,.625,2.0,5.0,7.0,6.0,0.0,0.0,1.0,2.0,19.0,9.7,-8,9.0,1.0,0.1111111111111111,24,29,30,15,51,25,37,41,46,37,48,50,30,27,53,49,4.0,37.0,35.0,38.0,28.0,64.0,31.0,42.0,72.0,56.0,9.0,65.0,4.0,67.0,66.0,43.0,30.0,68.0,63.0,0.0,0.6486486486486487,0.8285714285714286,0.7894736842105263,0.5357142857142857,0.796875,0.8064516129032258,0.8809523809523809,0.5694444444444444,0.8214285714285714,0.0,0.5692307692307692,0.0,0.7164179104477612,0.7575757575757576,0.6976744186046512,0.9,0.7794117647058824,0.7777777777777778,12,8,9,73.0,17.0,23.0,20.0,43.0,0.1643835616438356,0.4705882352941176,0.0,0.0,0.2093023255813953,19,1.0,71.0,3.736842105263158,7.699999999999999,80.49999999999999,4.2368421052631575,15.3,1.3,-1.8,0.7,-2.5,0.1494228072068184,0.551,0.366,0.294,0.1,0.7,L (-5),L (-5)
23.0,21.0,2022-12-02,23-052,SAS,NOP,1,35.6,7.0,23.0,.304,1.0,8.0,.125,0,1.0,.000,1.0,5.0,6.0,3.0,0.0,0.0,2.0,3.0,15.0,2.4,-19,15.0,6.0,0.4,24,29,30,15,51,25,37,41,46,37,48,50,30,27,53,49,4.0,37.0,35.0,38.0,28.0,64.0,31.0,42.0,72.0,56.0,9.0,65.0,4.0,67.0,66.0,43.0,30.0,68.0,63.0,0.0,0.6486486486486487,0.8285714285714286,0.7894736842105263,0.5357142857142857,0.796875,0.8064516129032258,0.8809523809523809,0.5694444444444444,0.8214285714285714,0.0,0.5692307692307692,0.0,0.7164179104477612,0.7575757575757576,0.6976744186046512,0.9,0.7794117647058824,0.7777777777777778,12,8,9,73.0,17.0,23.0,20.0,43.0,0.1643835616438356,0.4705882352941176,0.0,0.0,0.2093023255813953,19,-2.0,70.0,3.684210526315789,2.400000000000003,67.39999999999999,3.547368421052631,15.3,1.3,-1.8,0.7,-2.5,0.1494228072068184,0.551,0.366,0.294,0.1,0.7,L (-8),L (-8)
24.0,22.0,2022-12-04,23-054,SAS,PHO,1,32.88333333333333,11.0,23.0,.478,1.0,5.0,.200,4,6.0,.667,1.0,4.0,5.0,2.0,1.0,0.0,1.0,5.0,27.0,15.8,-24,18.0,10.0,0.5555555555555556,24,29,30,15,51,25,37,41,46,37,48,50,30,27,53,49,4.0,37.0,35.0,38.0,28.0,64.0,31.0,42.0,72.0,56.0,9.0,65.0,4.0,67.0,66.0,43.0,30.0,68.0,63.0,0.0,0.6486486486486487,0.8285714285714286,0.7894736842105263,0.5357142857142857,0.796875,0.8064516129032258,0.8809523809523809,0.5694444444444444,0.8214285714285714,0.0,0.5692307692307692,0.0,0.7164179104477612,0.7575757575757576,0.6976744186046512,0.9,0.7794117647058824,0.7777777777777778,12,8,9,73.0,17.0,23.0,20.0,43.0,0.1643835616438356,0.4705882352941176,0.0,0.0,0.2093023255813953,19,5.0,42.0,2.210526315789474,14.200000000000005,46.7,2.4578947368421056,15.3,1.3,-1.8,0.7,-2.5,0.1494228072068184,0.551,0.366,0.294,0.1,0.7,L (-18),L (-18)
25.0,23.0,2022-12-08,23-058,SAS,HOU,1,34.81666666666667,14.0,21.0,.667,3.0,6.0,.500,1,3.0,.333,1.0,6.0,7.0,1.0,0.0,0.0,3.0,1.0,32.0,21.9,+5,15.0,11.0,0.7333333333333333,24,29,30,15,51,25,37,41,46,37,48,50,30,27,53,49,4.0,37.0,35.0,38.0,28.0,64.0,31.0,42.0,72.0,56.0,9.0,65.0,4.0,67.0,66.0,43.0,30.0,68.0,63.0,0.0,0.6486486486486487,0.8285714285714286,0.7894736842105263,0.5357142857142857,0.796875,0.8064516129032258,0.8809523809523809,0.5694444444444444,0.8214285714285714,0.0,0.5692307692307692,0.0,0.7164179104477612,0.7575757575757576,0.6976744186046512,0.9,0.7794117647058824,0.7777777777777778,12,8,9,73.0,17.0,23.0,20.0,43.0,0.1643835616438356,0.4705882352941176,0.0,0.0,0.2093023255813953,19,13.0,58.0,3.0526315789473686,21.500000000000007,64.5,3.394736842105264,15.3,1.3,-1.8,0.7,-2.5,0.1494228072068184,0.551,0.366,0.294,0.1,0.7,L (-38),L (-38)
26.0,24.0,2022-12-10,23-060,SAS,MIA,1,35.61666666666667,7.0,15.0,.467,0.0,2.0,.000,7,7.0,1.000,1.0,5.0,6.0,2.0,0.0,0.0,5.0,1.0,21.0,11.5,-7,13.0,7.0,0.5384615384615384,24,29,30,15,51,25,37,41,46,37,48,50,30,27,53,49,4.0,37.0,35.0,38.0,28.0,64.0,31.0,42.0,72.0,56.0,9.0,65.0,4.0,67.0,66.0,43.0,30.0,68.0,63.0,0.0,0.6486486486486487,0.8285714285714286,0.7894736842105263,0.5357142857142857,0.796875,0.8064516129032258,0.8809523809523809,0.5694444444444444,0.8214285714285714,0.0,0.5692307692307692,0.0,0.7164179104477612,0.7575757575757576,0.6976744186046512,0.9,0.7794117647058824,0.7777777777777778,12,8,9,73.0,17.0,23.0,20.0,43.0,0.1643835616438356,0.4705882352941176,0.0,0.0,0.2093023255813953,19,2.0,61.0,3.210526315789474,8.699999999999998,72.49999999999999,3.8157894736842097,15.3,1.3,-1.8,0.7,-2.5,0.1494228072068184,0.551,0.366,0.294,0.1,0.7,W (+9),W (+9)
27.0,25.0,2022-12-12,23-062,SAS,CLE,1,33.583333333333336,8.0,25.0,.320,1.0,6.0,.167,4,5.0,.800,2.0,4.0,6.0,2.0,0.0,1.0,2.0,1.0,21.0,8.6,+3,19.0,7.0,0.3684210526315789,24,29,30,15,51,25,37,41,46,37,48,50,30,27,53,49,4.0,37.0,35.0,38.0,28.0,64.0,31.0,42.0,72.0,56.0,9.0,65.0,4.0,67.0,66.0,43.0,30.0,68.0,63.0,0.0,0.6486486486486487,0.8285714285714286,0.7894736842105263,0.5357142857142857,0.796875,0.8064516129032258,0.8809523809523809,0.5694444444444444,0.8214285714285714,0.0,0.5692307692307692,0.0,0.7164179104477612,0.7575757575757576,0.6976744186046512,0.9,0.7794117647058824,0.7777777777777778,12,8,9,73.0,17.0,23.0,20.0,43.0,0.1643835616438356,0.4705882352941176,0.0,0.0,0.2093023255813953,19,-2.0,53.0,2.789473684210526,6.999999999999995,51.7,2.721052631578948,15.3,1.3,-1.8,0.7,-2.5,0.1494228072068184,0.551,0.366,0.294,0.1,0.7,W (+4),W (+4)
28.0,26.0,2022-12-14,23-064,SAS,POR,1,32.71666666666667,10.0,16.0,.625,1.0,3.0,.333,4,8.0,.500,1.0,6.0,7.0,2.0,0.0,0.0,1.0,1.0,25.0,18.7,-5,13.0,9.0,0.6923076923076923,24,29,30,15,51,25,37,41,46,37,48,50,30,27,53,49,4.0,37.0,35.0,38.0,28.0,64.0,31.0,42.0,72.0,56.0,9.0,65.0,4.0,67.0,66.0,43.0,30.0,68.0,63.0,0.0,0.6486486486486487,0.8285714285714286,0.7894736842105263,0.5357142857142857,0.796875,0.8064516129032258,0.8809523809523809,0.5694444444444444,0.8214285714285714,0.0,0.5692307692307692,0.0,0.7164179104477612,0.7575757575757576,0.6976744186046512,0.9,0.7794117647058824,0.7777777777777778,12,8,9,73.0,17.0,23.0,20.0,43.0,0.1643835616438356,0.4705882352941176,0.0,0.0,0.2093023255813953,19,9.0,46.0,2.421052631578948,17.1,52.1,2.7421052631578946,15.3,1.3,-1.8,0.7,-2.5,0.1494228072068184,0.551,0.366,0.294,0.1,0.7,W (+1),W (+1)
29.0,27.0,2022-12-17,23-067,SAS,MIA,1,33.416666666666664,6.0,14.0,.429,3.0,5.0,.600,7,7.0,1.000,0.0,2.0,2.0,3.0,1.0,0.0,2.0,3.0,22.0,15.1,+1,9.0,3.0,0.3333333333333333,24,29,30,15,51,25,37,41,46,37,48,50,30,27,53,49,4.0,37.0,35.0,38.0,28.0,64.0,31.0,42.0,72.0,56.0,9.0,65.0,4.0,67.0,66.0,43.0,30.0,68.0,63.0,0.0,0.6486486486486487,0.8285714285714286,0.7894736842105263,0.5357142857142857,0.796875,0.8064516129032258,0.8809523809523809,0.5694444444444444,0.8214285714285714,0.0,0.5692307692307692,0.0,0.7164179104477612,0.7575757575757576,0.6976744186046512,0.9,0.7794117647058824,0.7777777777777778,12,8,9,73.0,17.0,23.0,20.0,43.0,0.1643835616438356,0.4705882352941176,0.0,0.0,0.2093023255813953,19,5.0,67.0,3.526315789473684,12.300000000000004,67.49999999999999,3.552631578947368,15.3,1.3,-1.8,0.7,-2.5,0.1494228072068184,0.551,0.366,0.294,0.1,0.7,L (-16),L (-16)
30.0,,2022-12-19,23-069,SAS,HOU,,0.0,0.0,0.0,,,,,,0.0,,0.0,0.0,,0.0,0.0,0.0,0.0,0.0,0.0,,,,,,24,29,30,15,51,25,37,41,46,37,48,50,30,27,53,49,4.0,37.0,35.0,38.0,28.0,64.0,31.0,42.0,72.0,56.0,9.0,65.0,4.0,67.0,66.0,43.0,30.0,68.0,63.0,0.0,0.6486486486486487,0.8285714285714286,0.7894736842105263,0.5357142857142857,0.796875,0.8064516129032258,0.8809523809523809,0.5694444444444444,0.8214285714285714,0.0,0.5692307692307692,0.0,0.7164179104477612,0.7575757575757576,0.6976744186046512,0.9,0.7794117647058824,0.7777777777777778,12,8,9,73.0,17.0,23.0,20.0,43.0,0.1643835616438356,0.4705882352941176,0.0,0.0,0.2093023255813953,19,,79.0,4.157894736842105,0.0,88.49999999999999,4.657894736842104,15.3,1.3,-1.8,0.7,-2.5,0.1494228072068184,0.551,0.366,0.294,0.1,0.7,L (-10),L (-10)
31.0,,2022-12-22,23-072,SAS,NOP,,0.0,0.0,0.0,,,,,,0.0,,0.0,0.0,,0.0,0.0,0.0,0.0,0.0,0.0,,,,,,24,29,30,15,51,25,37,41,46,37,48,50,30,27,53,49,4.0,37.0,35.0,38.0,28.0,64.0,31.0,42.0,72.0,56.0,9.0,65.0,4.0,67.0,66.0,43.0,30.0,68.0,63.0,0.0,0.6486486486486487,0.8285714285714286,0.7894736842105263,0.5357142857142857,0.796875,0.8064516129032258,0.8809523809523809,0.5694444444444444,0.8214285714285714,0.0,0.5692307692307692,0.0,0.7164179104477612,0.7575757575757576,0.6976744186046512,0.9,0.7794117647058824,0.7777777777777778,12,8,9,73.0,17.0,23.0,20.0,43.0,0.1643835616438356,0.4705882352941176,0.0,0.0,0.2093023255813953,19,,48.0,2.526315789473684,0.0,58.2,3.0631578947368423,15.3,1.3,-1.8,0.7,-2.5,0.1494228072068184,0.551,0.366,0.294,0.1,0.7,W (+19),W (+19)
32.0,28.0,2022-12-23,23-073,SAS,ORL,1,30.716666666666665,5.0,14.0,.357,2.0,7.0,.286,5,9.0,.556,0.0,4.0,4.0,4.0,1.0,0.0,2.0,2.0,17.0,9.8,-14,7.0,3.0,0.4285714285714285,24,29,30,15,51,25,37,41,46,37,48,50,30,27,53,49,4.0,37.0,35.0,38.0,28.0,64.0,31.0,42.0,72.0,56.0,9.0,65.0,4.0,67.0,66.0,43.0,30.0,68.0,63.0,0.0,0.6486486486486487,0.8285714285714286,0.7894736842105263,0.5357142857142857,0.796875,0.8064516129032258,0.8809523809523809,0.5694444444444444,0.8214285714285714,0.0,0.5692307692307692,0.0,0.7164179104477612,0.7575757575757576,0.6976744186046512,0.9,0.7794117647058824,0.7777777777777778,12,8,9,73.0,17.0,23.0,20.0,43.0,0.1643835616438356,0.4705882352941176,0.0,0.0,0.2093023255813953,19,1.0,57.0,3.0,7.800000000000001,68.89999999999999,3.626315789473684,15.3,1.3,-1.8,0.7,-2.5,0.1494228072068184,0.551,0.366,0.294,0.1,0.7,L (-9),L (-9)
33.0,29.0,2022-12-26,23-076,SAS,UTA,1,36.25,9.0,14.0,.643,0.0,2.0,.000,3,4.0,.750,0.0,3.0,3.0,5.0,2.0,0.0,2.0,3.0,21.0,17.6,0,12.0,9.0,0.75,24,29,30,15,51,25,37,41,46,37,48,50,30,27,53,49,4.0,37.0,35.0,38.0,28.0,64.0,31.0,42.0,72.0,56.0,9.0,65.0,4.0,67.0,66.0,43.0,30.0,68.0,63.0,0.0,0.6486486486486487,0.8285714285714286,0.7894736842105263,0.5357142857142857,0.796875,0.8064516129032258,0.8809523809523809,0.5694444444444444,0.8214285714285714,0.0,0.5692307692307692,0.0,0.7164179104477612,0.7575757575757576,0.6976744186046512,0.9,0.7794117647058824,0.7777777777777778,12,8,9,73.0,17.0,23.0,20.0,43.0,0.1643835616438356,0.4705882352941176,0.0,0.0,0.2093023255813953,19,11.0,48.0,2.526315789473684,16.400000000000002,67.09999999999998,3.53157894736842,15.3,1.3,-1.8,0.7,-2.5,0.1494228072068184,0.551,0.366,0.294,0.1,0.7,L (-20),L (-20)
34.0,30.0,2022-12-27,23-077,SAS,OKC,1,30.73333333333333,7.0,18.0,.389,2.0,6.0,.333,3,4.0,.750,0.0,3.0,3.0,2.0,0.0,0.0,2.0,1.0,19.0,8.7,-4,12.0,5.0,0.4166666666666667,24,29,30,15,51,25,37,41,46,37,48,50,30,27,53,49,4.0,37.0,35.0,38.0,28.0,64.0,31.0,42.0,72.0,56.0,9.0,65.0,4.0,67.0,66.0,43.0,30.0,68.0,63.0,0.0,0.6486486486486487,0.8285714285714286,0.7894736842105263,0.5357142857142857,0.796875,0.8064516129032258,0.8809523809523809,0.5694444444444444,0.8214285714285714,0.0,0.5692307692307692,0.0,0.7164179104477612,0.7575757575757576,0.6976744186046512,0.9,0.7794117647058824,0.7777777777777778,12,8,9,73.0,17.0,23.0,20.0,43.0,0.1643835616438356,0.4705882352941176,0.0,0.0,0.2093023255813953,19,0.0,47.0,2.473684210526316,7.499999999999998,52.39999999999999,2.757894736842105,15.3,1.3,-1.8,0.7,-2.5,0.1494228072068184,0.551,0.366,0.294,0.1,0.7,W (+4),W (+4)
35.0,31.0,2022-12-29,23-079,SAS,NYK,1,31.766666666666666,11.0,21.0,.524,3.0,8.0,.375,5,5.0,1.000,1.0,2.0,3.0,1.0,0.0,2.0,2.0,3.0,30.0,19.9,-5,13.0,8.0,0.6153846153846154,24,29,30,15,51,25,37,41,46,37,48,50,30,27,53,49,4.0,37.0,35.0,38.0,28.0,64.0,31.0,42.0,72.0,56.0,9.0,65.0,4.0,67.0,66.0,43.0,30.0,68.0,63.0,0.0,0.6486486486486487,0.8285714285714286,0.7894736842105263,0.5357142857142857,0.796875,0.8064516129032258,0.8809523809523809,0.5694444444444444,0.8214285714285714,0.0,0.5692307692307692,0.0,0.7164179104477612,0.7575757575757576,0.6976744186046512,0.9,0.7794117647058824,0.7777777777777778,12,8,9,73.0,17.0,23.0,20.0,43.0,0.1643835616438356,0.4705882352941176,0.0,0.0,0.2093023255813953,19,8.0,40.0,2.1052631578947367,17.900000000000006,48.8,2.568421052631579,15.3,1.3,-1.8,0.7,-2.5,0.1494228072068184,0.551,0.366,0.294,0.1,0.7,L (-16),L (-16)
36.0,32.0,2022-12-31,23-081,SAS,DAL,1,35.53333333333333,10.0,19.0,.526,4.0,5.0,.800,6,7.0,.857,2.0,2.0,4.0,0.0,0.0,0.0,0.0,4.0,30.0,20.7,-2,14.0,6.0,0.4285714285714285,24,29,30,15,51,25,37,41,46,37,48,50,30,27,53,49,4.0,37.0,35.0,38.0,28.0,64.0,31.0,42.0,72.0,56.0,9.0,65.0,4.0,67.0,66.0,43.0,30.0,68.0,63.0,0.0,0.6486486486486487,0.8285714285714286,0.7894736842105263,0.5357142857142857,0.796875,0.8064516129032258,0.8809523809523809,0.5694444444444444,0.8214285714285714,0.0,0.5692307692307692,0.0,0.7164179104477612,0.7575757575757576,0.6976744186046512,0.9,0.7794117647058824,0.7777777777777778,12,8,9,73.0,17.0,23.0,20.0,43.0,0.1643835616438356,0.4705882352941176,0.0,0.0,0.2093023255813953,19,8.0,40.0,2.1052631578947367,18.3,47.99999999999999,2.526315789473684,15.3,1.3,-1.8,0.7,-2.5,0.1494228072068184,0.551,0.366,0.294,0.1,0.7,W (+7),W (+7)
37.0,33.0,2023-01-02,23-083,SAS,BRK,1,24.9,7.0,13.0,.538,2.0,6.0,.333,6,7.0,.857,0.0,4.0,4.0,1.0,0.0,1.0,3.0,2.0,22.0,14.1,-21,7.0,5.0,0.7142857142857143,24,29,30,15,51,25,37,41,46,37,48,50,30,27,53,49,4.0,37.0,35.0,38.0,28.0,64.0,31.0,42.0,72.0,56.0,9.0,65.0,4.0,67.0,66.0,43.0,30.0,68.0,63.0,0.0,0.6486486486486487,0.8285714285714286,0.7894736842105263,0.5357142857142857,0.796875,0.8064516129032258,0.8809523809523809,0.5694444444444444,0.8214285714285714,0.0,0.5692307692307692,0.0,0.7164179104477612,0.7575757575757576,0.6976744186046512,0.9,0.7794117647058824,0.7777777777777778,12,8,9,73.0,17.0,23.0,20.0,43.0,0.1643835616438356,0.4705882352941176,0.0,0.0,0.2093023255813953,19,5.0,35.0,1.8421052631578947,11.699999999999996,37.3,1.963157894736842,15.3,1.3,-1.8,0.7,-2.5,0.1494228072068184,0.551,0.366,0.294,0.1,0.7,L (-1),L (-1)
38.0,34.0,2023-01-04,23-085,SAS,NYK,1,35.0,7.0,16.0,.438,2.0,6.0,.333,10,12.0,.833,0.0,7.0,7.0,2.0,0.0,0.0,3.0,3.0,26.0,16.1,-3,10.0,5.0,0.5,24,29,30,15,51,25,37,41,46,37,48,50,30,27,53,49,4.0,37.0,35.0,38.0,28.0,64.0,31.0,42.0,72.0,56.0,9.0,65.0,4.0,67.0,66.0,43.0,30.0,68.0,63.0,0.0,0.6486486486486487,0.8285714285714286,0.7894736842105263,0.5357142857142857,0.796875,0.8064516129032258,0.8809523809523809,0.5694444444444444,0.8214285714285714,0.0,0.5692307692307692,0.0,0.7164179104477612,0.7575757575757576,0.6976744186046512,0.9,0.7794117647058824,0.7777777777777778,12,8,9,73.0,17.0,23.0,20.0,43.0,0.1643835616438356,0.4705882352941176,0.0,0.0,0.2093023255813953,19,4.0,31.0,1.631578947368421,12.100000000000003,34.99999999999999,1.8421052631578945,15.3,1.3,-1.8,0.7,-2.5,0.1494228072068184,0.551,0.366,0.294,0.1,0.7,L (-36),L (-36)
39.0,35.0,2023-01-06,23-087,SAS,DET,1,12.75,3.0,6.0,.500,0.0,3.0,.000,2,2.0,1.000,0.0,0.0,0.0,1.0,0.0,0.0,0.0,1.0,8.0,5.3,+2,3.0,3.0,1.0,24,29,30,15,51,25,37,41,46,37,48,50,30,27,53,49,4.0,37.0,35.0,38.0,28.0,64.0,31.0,42.0,72.0,56.0,9.0,65.0,4.0,67.0,66.0,43.0,30.0,68.0,63.0,0.0,0.6486486486486487,0.8285714285714286,0.7894736842105263,0.5357142857142857,0.796875,0.8064516129032258,0.8809523809523809,0.5694444444444444,0.8214285714285714,0.0,0.5692307692307692,0.0,0.7164179104477612,0.7575757575757576,0.6976744186046512,0.9,0.7794117647058824,0.7777777777777778,12,8,9,73.0,17.0,23.0,20.0,43.0,0.1643835616438356,0.4705882352941176,0.0,0.0,0.2093023255813953,19,1.0,40.0,2.1052631578947367,4.499999999999999,54.89999999999999,2.8894736842105258,15.3,1.3,-1.8,0.7,-2.5,0.1494228072068184,0.551,0.366,0.294,0.1,0.7,L (-3),L (-3)
40.0,,2023-01-07,23-088,SAS,BOS,,0.0,0.0,0.0,,,,,,0.0,,0.0,0.0,,0.0,0.0,0.0,0.0,0.0,0.0,,,,,,24,29,30,15,51,25,37,41,46,37,48,50,30,27,53,49,4.0,37.0,35.0,38.0,28.0,64.0,31.0,42.0,72.0,56.0,9.0,65.0,4.0,67.0,66.0,43.0,30.0,68.0,63.0,0.0,0.6486486486486487,0.8285714285714286,0.7894736842105263,0.5357142857142857,0.796875,0.8064516129032258,0.8809523809523809,0.5694444444444444,0.8214285714285714,0.0,0.5692307692307692,0.0,0.7164179104477612,0.7575757575757576,0.6976744186046512,0.9,0.7794117647058824,0.7777777777777778,12,8,9,73.0,17.0,23.0,20.0,43.0,0.1643835616438356,0.4705882352941176,0.0,0.0,0.2093023255813953,19,,55.0,2.894736842105264,0.0,69.0,3.631578947368421,15.3,1.3,-1.8,0.7,-2.5,0.1494228072068184,0.551,0.366,0.294,0.1,0.7,W (+12),W (+12)
41.0,,2023-01-09,23-090,SAS,MEM,,0.0,0.0,0.0,,,,,,0.0,,0.0,0.0,,0.0,0.0,0.0,0.0,0.0,0.0,,,,,,24,29,30,15,51,25,37,41,46,37,48,50,30,27,53,49,4.0,37.0,35.0,38.0,28.0,64.0,31.0,42.0,72.0,56.0,9.0,65.0,4.0,67.0,66.0,43.0,30.0,68.0,63.0,0.0,0.6486486486486487,0.8285714285714286,0.7894736842105263,0.5357142857142857,0.796875,0.8064516129032258,0.8809523809523809,0.5694444444444444,0.8214285714285714,0.0,0.5692307692307692,0.0,0.7164179104477612,0.7575757575757576,0.6976744186046512,0.9,0.7794117647058824,0.7777777777777778,12,8,9,73.0,17.0,23.0,20.0,43.0,0.1643835616438356,0.4705882352941176,0.0,0.0,0.2093023255813953,19,,47.0,2.473684210526316,0.0,61.89999999999999,3.257894736842105,15.3,1.3,-1.8,0.7,-2.5,0.1494228072068184,0.551,0.366,0.294,0.1,0.7,L (-5),L (-5)
42.0,36.0,2023-01-11,23-092,SAS,MEM,1,35.38333333333333,6.0,17.0,.353,1.0,7.0,.143,11,12.0,.917,1.0,3.0,4.0,3.0,0.0,1.0,2.0,2.0,24.0,15.7,-3,10.0,5.0,0.5,24,29,30,15,51,25,37,41,46,37,48,50,30,27,53,49,4.0,37.0,35.0,38.0,28.0,64.0,31.0,42.0,72.0,56.0,9.0,65.0,4.0,67.0,66.0,43.0,30.0,68.0,63.0,0.0,0.6486486486486487,0.8285714285714286,0.7894736842105263,0.5357142857142857,0.796875,0.8064516129032258,0.8809523809523809,0.5694444444444444,0.8214285714285714,0.0,0.5692307692307692,0.0,0.7164179104477612,0.7575757575757576,0.6976744186046512,0.9,0.7794117647058824,0.7777777777777778,12,8,9,73.0,17.0,23.0,20.0,43.0,0.1643835616438356,0.4705882352941176,0.0,0.0,0.2093023255813953,19,1.0,69.0,3.631578947368421,11.299999999999994,69.1,3.636842105263157,15.3,1.3,-1.8,0.7,-2.5,0.1494228072068184,0.551,0.366,0.294,0.1,0.7,,
43.0,37.0,2023-01-13,23-094,SAS,GSW,1,30.95,5.0,11.0,.455,1.0,2.0,.500,6,6.0,1.000,0.0,2.0,2.0,1.0,1.0,1.0,2.0,1.0,17.0,11.9,-40,9.0,4.0,0.4444444444444444,24,29,30,15,51,25,37,41,46,37,48,50,30,27,53,49,4.0,37.0,35.0,38.0,28.0,64.0,31.0,42.0,72.0,56.0,9.0,65.0,4.0,67.0,66.0,43.0,30.0,68.0,63.0,0.0,0.6486486486486487,0.8285714285714286,0.7894736842105263,0.5357142857142857,0.796875,0.8064516129032258,0.8809523809523809,0.5694444444444444,0.8214285714285714,0.0,0.5692307692307692,0.0,0.7164179104477612,0.7575757575757576,0.6976744186046512,0.9,0.7794117647058824,0.7777777777777778,12,8,9,73.0,17.0,23.0,20.0,43.0,0.1643835616438356,0.4705882352941176,0.0,0.0,0.2093023255813953,19,3.0,20.0,1.0526315789473684,9.5,39.9,2.1,15.3,1.3,-1.8,0.7,-2.5,0.1494228072068184,0.551,0.366,0.294,0.1,0.7,L (-8),L (-8)
44.0,38.0,2023-01-15,23-096,SAS,SAC,1,35.1,8.0,25.0,.320,2.0,10.0,.200,2,3.0,.667,1.0,6.0,7.0,3.0,0.0,0.0,3.0,2.0,20.0,6.1,-18,15.0,6.0,0.4,24,29,30,15,51,25,37,41,46,37,48,50,30,27,53,49,4.0,37.0,35.0,38.0,28.0,64.0,31.0,42.0,72.0,56.0,9.0,65.0,4.0,67.0,66.0,43.0,30.0,68.0,63.0,0.0,0.6486486486486487,0.8285714285714286,0.7894736842105263,0.5357142857142857,0.796875,0.8064516129032258,0.8809523809523809,0.5694444444444444,0.8214285714285714,0.0,0.5692307692307692,0.0,0.7164179104477612,0.7575757575757576,0.6976744186046512,0.9,0.7794117647058824,0.7777777777777778,12,8,9,73.0,17.0,23.0,20.0,43.0,0.1643835616438356,0.4705882352941176,0.0,0.0,0.2093023255813953,19,-1.0,32.0,1.6842105263157894,5.299999999999997,38.99999999999999,2.052631578947368,15.3,1.3,-1.8,0.7,-2.5,0.1494228072068184,0.551,0.366,0.294,0.1,0.7,L (-6),L (-6)
45.0,39.0,2023-01-17,23-098,SAS,BRK,1,37.68333333333333,11.0,26.0,.423,3.0,11.0,.273,11,12.0,.917,1.0,10.0,11.0,1.0,4.0,0.0,1.0,2.0,36.0,28.4,+17,15.0,8.0,0.5333333333333333,24,29,30,15,51,25,37,41,46,37,48,50,30,27,53,49,4.0,37.0,35.0,38.0,28.0,64.0,31.0,42.0,72.0,56.0,9.0,65.0,4.0,67.0,66.0,43.0,30.0,68.0,63.0,0.0,0.6486486486486487,0.8285714285714286,0.7894736842105263,0.5357142857142857,0.796875,0.8064516129032258,0.8809523809523809,0.5694444444444444,0.8214285714285714,0.0,0.5692307692307692,0.0,0.7164179104477612,0.7575757575757576,0.6976744186046512,0.9,0.7794117647058824,0.7777777777777778,12,8,9,73.0,17.0,23.0,20.0,43.0,0.1643835616438356,0.4705882352941176,0.0,0.0,0.2093023255813953,19,13.0,32.0,1.6842105263157894,24.000000000000004,30.100000000000005,1.5842105263157895,15.3,1.3,-1.8,0.7,-2.5,0.1494228072068184,0.551,0.366,0.294,0.1,0.7,L (-31),L (-31)
46.0,40.0,2023-01-20,23-101,SAS,LAC,1,35.483333333333334,9.0,16.0,.563,3.0,7.0,.429,2,3.0,.667,0.0,3.0,3.0,2.0,0.0,0.0,1.0,4.0,23.0,14.7,-8,9.0,6.0,0.6666666666666666,24,29,30,15,51,25,37,41,46,37,48,50,30,27,53,49,4.0,37.0,35.0,38.0,28.0,64.0,31.0,42.0,72.0,56.0,9.0,65.0,4.0,67.0,66.0,43.0,30.0,68.0,63.0,0.0,0.6486486486486487,0.8285714285714286,0.7894736842105263,0.5357142857142857,0.796875,0.8064516129032258,0.8809523809523809,0.5694444444444444,0.8214285714285714,0.0,0.5692307692307692,0.0,0.7164179104477612,0.7575757575757576,0.6976744186046512,0.9,0.7794117647058824,0.7777777777777778,12,8,9,73.0,17.0,23.0,20.0,43.0,0.1643835616438356,0.4705882352941176,0.0,0.0,0.2093023255813953,19,8.0,52.0,2.736842105263158,13.9,62.0,3.263157894736842,15.3,1.3,-1.8,0.7,-2.5,0.1494228072068184,0.551,0.366,0.294,0.1,0.7,L (-13),L (-13)
47.0,41.0,2023-01-23,23-104,SAS,POR,1,30.23333333333333,8.0,15.0,.533,3.0,7.0,.429,1,2.0,.500,1.0,3.0,4.0,1.0,1.0,1.0,2.0,1.0,20.0,13.9,-12,8.0,5.0,0.625,24,29,30,15,51,25,37,41,46,37,48,50,30,27,53,49,4.0,37.0,35.0,38.0,28.0,64.0,31.0,42.0,72.0,56.0,9.0,65.0,4.0,67.0,66.0,43.0,30.0,68.0,63.0,0.0,0.6486486486486487,0.8285714285714286,0.7894736842105263,0.5357142857142857,0.796875,0.8064516129032258,0.8809523809523809,0.5694444444444444,0.8214285714285714,0.0,0.5692307692307692,0.0,0.7164179104477612,0.7575757575757576,0.6976744186046512,0.9,0.7794117647058824,0.7777777777777778,12,8,9,73.0,17.0,23.0,20.0,43.0,0.1643835616438356,0.4705882352941176,0.0,0.0,0.2093023255813953,19,8.0,54.0,2.8421052631578947,13.499999999999996,71.30000000000001,3.752631578947369,15.3,1.3,-1.8,0.7,-2.5,0.1494228072068184,0.551,0.366,0.294,0.1,0.7,W (+8),W (+8)
48.0,42.0,2023-01-25,23-106,SAS,LAL,1,33.0,9.0,20.0,.450,3.0,6.0,.500,4,4.0,1.000,1.0,4.0,5.0,0.0,0.0,0.0,1.0,3.0,25.0,14.3,-10,14.0,6.0,0.4285714285714285,24,29,30,15,51,25,37,41,46,37,48,50,30,27,53,49,4.0,37.0,35.0,38.0,28.0,64.0,31.0,42.0,72.0,56.0,9.0,65.0,4.0,67.0,66.0,43.0,30.0,68.0,63.0,0.0,0.6486486486486487,0.8285714285714286,0.7894736842105263,0.5357142857142857,0.796875,0.8064516129032258,0.8809523809523809,0.5694444444444444,0.8214285714285714,0.0,0.5692307692307692,0.0,0.7164179104477612,0.7575757575757576,0.6976744186046512,0.9,0.7794117647058824,0.7777777777777778,12,8,9,73.0,17.0,23.0,20.0,43.0,0.1643835616438356,0.4705882352941176,0.0,0.0,0.2093023255813953,19,5.0,28.0,1.4736842105263157,12.7,44.6,2.347368421052632,15.3,1.3,-1.8,0.7,-2.5,0.1494228072068184,0.551,0.366,0.294,0.1,0.7,L (-5),L (-5)
49.0,43.0,2023-01-26,23-107,SAS,LAC,1,31.316666666666663,7.0,13.0,.538,0.0,2.0,.000,5,6.0,.833,2.0,1.0,3.0,3.0,0.0,0.0,0.0,1.0,19.0,15.7,-26,11.0,7.0,0.6363636363636364,24,29,30,15,51,25,37,41,46,37,48,50,30,27,53,49,4.0,37.0,35.0,38.0,28.0,64.0,31.0,42.0,72.0,56.0,9.0,65.0,4.0,67.0,66.0,43.0,30.0,68.0,63.0,0.0,0.6486486486486487,0.8285714285714286,0.7894736842105263,0.5357142857142857,0.796875,0.8064516129032258,0.8809523809523809,0.5694444444444444,0.8214285714285714,0.0,0.5692307692307692,0.0,0.7164179104477612,0.7575757575757576,0.6976744186046512,0.9,0.7794117647058824,0.7777777777777778,12,8,9,73.0,17.0,23.0,20.0,43.0,0.1643835616438356,0.4705882352941176,0.0,0.0,0.2093023255813953,19,6.0,47.0,2.473684210526316,13.7,46.1,2.4263157894736844,15.3,1.3,-1.8,0.7,-2.5,0.1494228072068184,0.551,0.366,0.294,0.1,0.7,L (-20),L (-20)
50.0,44.0,2023-01-28,23-109,SAS,PHO,1,40.95,15.0,26.0,.577,3.0,9.0,.333,1,2.0,.500,1.0,2.0,3.0,5.0,0.0,0.0,0.0,1.0,34.0,25.8,-3,17.0,12.0,0.7058823529411765,24,29,30,15,51,25,37,41,46,37,48,50,30,27,53,49,4.0,37.0,35.0,38.0,28.0,64.0,31.0,42.0,72.0,56.0,9.0,65.0,4.0,67.0,66.0,43.0,30.0,68.0,63.0,0.0,0.6486486486486487,0.8285714285714286,0.7894736842105263,0.5357142857142857,0.796875,0.8064516129032258,0.8809523809523809,0.5694444444444444,0.8214285714285714,0.0,0.5692307692307692,0.0,0.7164179104477612,0.7575757575757576,0.6976744186046512,0.9,0.7794117647058824,0.7777777777777778,12,8,9,73.0,17.0,23.0,20.0,43.0,0.1643835616438356,0.4705882352941176,0.0,0.0,0.2093023255813953,19,14.0,39.0,2.0526315789473686,25.40000000000001,53.9,2.8368421052631576,15.3,1.3,-1.8,0.7,-2.5,0.1494228072068184,0.551,0.366,0.294,0.1,0.7,L (-9),L (-9)
51.0,45.0,2023-01-30,23-111,SAS,WAS,1,33.8,12.0,21.0,.571,2.0,7.0,.286,0,2.0,.000,2.0,2.0,4.0,4.0,2.0,0.0,1.0,1.0,26.0,20.7,-10,14.0,10.0,0.7142857142857143,24,29,30,15,51,25,37,41,46,37,48,50,30,27,53,49,4.0,37.0,35.0,38.0,28.0,64.0,31.0,42.0,72.0,56.0,9.0,65.0,4.0,67.0,66.0,43.0,30.0,68.0,63.0,0.0,0.6486486486486487,0.8285714285714286,0.7894736842105263,0.5357142857142857,0.796875,0.8064516129032258,0.8809523809523809,0.5694444444444444,0.8214285714285714,0.0,0.5692307692307692,0.0,0.7164179104477612,0.7575757575757576,0.6976744186046512,0.9,0.7794117647058824,0.7777777777777778,12,8,9,73.0,17.0,23.0,20.0,43.0,0.1643835616438356,0.4705882352941176,0.0,0.0,0.2093023255813953,19,12.0,42.0,2.210526315789474,20.700000000000003,51.1,2.6894736842105265,15.3,1.3,-1.8,0.7,-2.5,0.1494228072068184,0.551,0.366,0.294,0.1,0.7,L (-38),L (-38)
52.0,46.0,2023-02-01,23-113,SAS,SAC,1,37.16666666666666,8.0,18.0,.444,1.0,5.0,.200,1,2.0,.500,2.0,6.0,8.0,5.0,0.0,0.0,2.0,1.0,18.0,12.5,-12,13.0,7.0,0.5384615384615384,24,29,30,15,51,25,37,41,46,37,48,50,30,27,53,49,4.0,37.0,35.0,38.0,28.0,64.0,31.0,42.0,72.0,56.0,9.0,65.0,4.0,67.0,66.0,43.0,30.0,68.0,63.0,0.0,0.6486486486486487,0.8285714285714286,0.7894736842105263,0.5357142857142857,0.796875,0.8064516129032258,0.8809523809523809,0.5694444444444444,0.8214285714285714,0.0,0.5692307692307692,0.0,0.7164179104477612,0.7575757575757576,0.6976744186046512,0.9,0.7794117647058824,0.7777777777777778,12,8,9,73.0,17.0,23.0,20.0,43.0,0.1643835616438356,0.4705882352941176,0.0,0.0,0.2093023255813953,19,9.0,35.0,1.8421052631578947,12.099999999999998,38.20000000000001,2.010526315789474,15.3,1.3,-1.8,0.7,-2.5,0.1494228072068184,0.551,0.366,0.294,0.1,0.7,L (-10),L (-10)
53.0,47.0,2023-02-03,23-115,SAS,PHI,1,30.78333333333333,5.0,11.0,.455,0.0,2.0,.000,8,8.0,1.000,1.0,2.0,3.0,3.0,1.0,0.0,4.0,1.0,18.0,12.3,-19,9.0,5.0,0.5555555555555556,24,29,30,15,51,25,37,41,46,37,48,50,30,27,53,49,4.0,37.0,35.0,38.0,28.0,64.0,31.0,42.0,72.0,56.0,9.0,65.0,4.0,67.0,66.0,43.0,30.0,68.0,63.0,0.0,0.6486486486486487,0.8285714285714286,0.7894736842105263,0.5357142857142857,0.796875,0.8064516129032258,0.8809523809523809,0.5694444444444444,0.8214285714285714,0.0,0.5692307692307692,0.0,0.7164179104477612,0.7575757575757576,0.6976744186046512,0.9,0.7794117647058824,0.7777777777777778,12,8,9,73.0,17.0,23.0,20.0,43.0,0.1643835616438356,0.4705882352941176,0.0,0.0,0.2093023255813953,19,2.0,36.0,1.894736842105263,9.1,42.50000000000001,2.2368421052631584,15.3,1.3,-1.8,0.7,-2.5,0.1494228072068184,0.551,0.366,0.294,0.1,0.7,L (-21),L (-21)
54.0,48.0,2023-02-06,23-118,SAS,CHI,1,29.15,8.0,12.0,.667,0.0,2.0,.000,5,5.0,1.000,0.0,2.0,2.0,2.0,1.0,0.0,3.0,2.0,21.0,15.0,-9,10.0,8.0,0.8,24,29,30,15,51,25,37,41,46,37,48,50,30,27,53,49,4.0,37.0,35.0,38.0,28.0,64.0,31.0,42.0,72.0,56.0,9.0,65.0,4.0,67.0,66.0,43.0,30.0,68.0,63.0,0.0,0.6486486486486487,0.8285714285714286,0.7894736842105263,0.5357142857142857,0.796875,0.8064516129032258,0.8809523809523809,0.5694444444444444,0.8214285714285714,0.0,0.5692307692307692,0.0,0.7164179104477612,0.7575757575757576,0.6976744186046512,0.9,0.7794117647058824,0.7777777777777778,12,8,9,73.0,17.0,23.0,20.0,43.0,0.1643835616438356,0.4705882352941176,0.0,0.0,0.2093023255813953,19,6.0,21.0,1.105263157894737,13.0,22.7,1.194736842105263,15.3,1.3,-1.8,0.7,-2.5,0.1494228072068184,0.551,0.366,0.294,0.1,0.7,L (-10),L (-10)
55.0,49.0,2023-02-08,23-120,SAS,TOR,1,36.4,8.0,17.0,.471,1.0,6.0,.167,5,7.0,.714,0.0,7.0,7.0,3.0,1.0,0.0,2.0,2.0,22.0,14.9,-27,11.0,7.0,0.6363636363636364,24,29,30,15,51,25,37,41,46,37,48,50,30,27,53,49,4.0,37.0,35.0,38.0,28.0,64.0,31.0,42.0,72.0,56.0,9.0,65.0,4.0,67.0,66.0,43.0,30.0,68.0,63.0,0.0,0.6486486486486487,0.8285714285714286,0.7894736842105263,0.5357142857142857,0.796875,0.8064516129032258,0.8809523809523809,0.5694444444444444,0.8214285714285714,0.0,0.5692307692307692,0.0,0.7164179104477612,0.7575757575757576,0.6976744186046512,0.9,0.7794117647058824,0.7777777777777778,12,8,9,73.0,17.0,23.0,20.0,43.0,0.1643835616438356,0.4705882352941176,0.0,0.0,0.2093023255813953,19,7.0,39.0,2.0526315789473686,12.9,45.1,2.373684210526316,15.3,1.3,-1.8,0.7,-2.5,0.1494228072068184,0.551,0.366,0.294,0.1,0.7,L (-12),L (-12)
56.0,,2023-02-10,23-122,SAS,DET,,0.0,0.0,0.0,,,,,,0.0,,0.0,0.0,,0.0,0.0,0.0,0.0,0.0,0.0,,,,,,24,29,30,15,51,25,37,41,46,37,48,50,30,27,53,49,4.0,37.0,35.0,38.0,28.0,64.0,31.0,42.0,72.0,56.0,9.0,65.0,4.0,67.0,66.0,43.0,30.0,68.0,63.0,0.0,0.6486486486486487,0.8285714285714286,0.7894736842105263,0.5357142857142857,0.796875,0.8064516129032258,0.8809523809523809,0.5694444444444444,0.8214285714285714,0.0,0.5692307692307692,0.0,0.7164179104477612,0.7575757575757576,0.6976744186046512,0.9,0.7794117647058824,0.7777777777777778,12,8,9,73.0,17.0,23.0,20.0,43.0,0.1643835616438356,0.4705882352941176,0.0,0.0,0.2093023255813953,19,,49.0,2.5789473684210527,0.0,59.1,3.110526315789474,15.3,1.3,-1.8,0.7,-2.5,0.1494228072068184,0.551,0.366,0.294,0.1,0.7,L (-24),L (-24)
57.0,50.0,2023-02-11,23-123,SAS,ATL,1,29.05,9.0,14.0,.643,0.0,2.0,.000,7,9.0,.778,0.0,2.0,2.0,2.0,1.0,0.0,2.0,3.0,25.0,17.8,-23,12.0,9.0,0.75,24,29,30,15,51,25,37,41,46,37,48,50,30,27,53,49,4.0,37.0,35.0,38.0,28.0,64.0,31.0,42.0,72.0,56.0,9.0,65.0,4.0,67.0,66.0,43.0,30.0,68.0,63.0,0.0,0.6486486486486487,0.8285714285714286,0.7894736842105263,0.5357142857142857,0.796875,0.8064516129032258,0.8809523809523809,0.5694444444444444,0.8214285714285714,0.0,0.5692307692307692,0.0,0.7164179104477612,0.7575757575757576,0.6976744186046512,0.9,0.7794117647058824,0.7777777777777778,12,8,9,73.0,17.0,23.0,20.0,43.0,0.1643835616438356,0.4705882352941176,0.0,0.0,0.2093023255813953,19,5.0,61.0,3.210526315789474,15.000000000000004,76.5,4.026315789473684,15.3,1.3,-1.8,0.7,-2.5,0.1494228072068184,0.551,0.366,0.294,0.1,0.7,L (-14),L (-14)
58.0,51.0,2023-02-13,23-125,SAS,CLE,1,35.266666666666666,8.0,13.0,.615,2.0,3.0,.667,7,11.0,.636,0.0,2.0,2.0,4.0,1.0,0.0,4.0,1.0,25.0,17.5,-19,10.0,6.0,0.6,24,29,30,15,51,25,37,41,46,37,48,50,30,27,53,49,4.0,37.0,35.0,38.0,28.0,64.0,31.0,42.0,72.0,56.0,9.0,65.0,4.0,67.0,66.0,43.0,30.0,68.0,63.0,0.0,0.6486486486486487,0.8285714285714286,0.7894736842105263,0.5357142857142857,0.796875,0.8064516129032258,0.8809523809523809,0.5694444444444444,0.8214285714285714,0.0,0.5692307692307692,0.0,0.7164179104477612,0.7575757575757576,0.6976744186046512,0.9,0.7794117647058824,0.7777777777777778,12,8,9,73.0,17.0,23.0,20.0,43.0,0.1643835616438356,0.4705882352941176,0.0,0.0,0.2093023255813953,19,4.0,63.0,3.3157894736842106,14.700000000000005,66.0,3.473684210526316,15.3,1.3,-1.8,0.7,-2.5,0.1494228072068184,0.551,0.366,0.294,0.1,0.7,L (-7),L (-7)
59.0,52.0,2023-02-15,23-127,SAS,CHO,1,35.0,6.0,20.0,.300,1.0,6.0,.167,8,9.0,.889,3.0,5.0,8.0,4.0,0.0,0.0,1.0,2.0,21.0,13.6,-10,14.0,5.0,0.3571428571428571,24,29,30,15,51,25,37,41,46,37,48,50,30,27,53,49,4.0,37.0,35.0,38.0,28.0,64.0,31.0,42.0,72.0,56.0,9.0,65.0,4.0,67.0,66.0,43.0,30.0,68.0,63.0,0.0,0.6486486486486487,0.8285714285714286,0.7894736842105263,0.5357142857142857,0.796875,0.8064516129032258,0.8809523809523809,0.5694444444444444,0.8214285714285714,0.0,0.5692307692307692,0.0,0.7164179104477612,0.7575757575757576,0.6976744186046512,0.9,0.7794117647058824,0.7777777777777778,12,8,9,73.0,17.0,23.0,20.0,43.0,0.1643835616438356,0.4705882352941176,0.0,0.0,0.2093023255813953,19,3.0,70.0,3.684210526315789,10.4,70.49999999999999,3.710526315789473,15.3,1.3,-1.8,0.7,-2.5,0.1494228072068184,0.551,0.366,0.294,0.1,0.7,L (-19),L (-19)
60.0,53.0,2023-02-23,23-135,SAS,DAL,1,31.05,8.0,13.0,.615,1.0,3.0,.333,5,8.0,.625,0.0,8.0,8.0,7.0,1.0,0.0,6.0,2.0,22.0,16.4,-11,10.0,7.0,0.7,24,29,30,15,51,25,37,41,46,37,48,50,30,27,53,49,4.0,37.0,35.0,38.0,28.0,64.0,31.0,42.0,72.0,56.0,9.0,65.0,4.0,67.0,66.0,43.0,30.0,68.0,63.0,0.0,0.6486486486486487,0.8285714285714286,0.7894736842105263,0.5357142857142857,0.796875,0.8064516129032258,0.8809523809523809,0.5694444444444444,0.8214285714285714,0.0,0.5692307692307692,0.0,0.7164179104477612,0.7575757575757576,0.6976744186046512,0.9,0.7794117647058824,0.7777777777777778,12,8,9,73.0,17.0,23.0,20.0,43.0,0.1643835616438356,0.4705882352941176,0.0,0.0,0.2093023255813953,19,11.0,46.0,2.421052631578948,14.4,52.9,2.784210526315789,15.3,1.3,-1.8,0.7,-2.5,0.1494228072068184,0.551,0.366,0.294,0.1,0.7,L (-8),L (-8)
61.0,54.0,2023-02-25,23-137,SAS,UTA,1,36.85,9.0,22.0,.409,0.0,5.0,.000,0,0.0,,1.0,6.0,7.0,3.0,0.0,1.0,1.0,2.0,18.0,9.7,-14,17.0,9.0,0.5294117647058824,24,29,30,15,51,25,37,41,46,37,48,50,30,27,53,49,4.0,37.0,35.0,38.0,28.0,64.0,31.0,42.0,72.0,56.0,9.0,65.0,4.0,67.0,66.0,43.0,30.0,68.0,63.0,0.0,0.6486486486486487,0.8285714285714286,0.7894736842105263,0.5357142857142857,0.796875,0.8064516129032258,0.8809523809523809,0.5694444444444444,0.8214285714285714,0.0,0.5692307692307692,0.0,0.7164179104477612,0.7575757575757576,0.6976744186046512,0.9,0.7794117647058824,0.7777777777777778,12,8,9,73.0,17.0,23.0,20.0,43.0,0.1643835616438356,0.4705882352941176,0.0,0.0,0.2093023255813953,19,6.0,51.0,2.6842105263157894,9.700000000000005,66.09999999999998,3.478947368421052,15.3,1.3,-1.8,0.7,-2.5,0.1494228072068184,0.551,0.366,0.294,0.1,0.7,L (-10),L (-10)
62.0,55.0,2023-02-28,23-140,SAS,UTA,1,35.416666666666664,12.0,19.0,.632,0.0,4.0,.000,1,3.0,.333,0.0,4.0,4.0,3.0,0.0,0.0,1.0,4.0,25.0,16.4,-3,15.0,12.0,0.8,24,29,30,15,51,25,37,41,46,37,48,50,30,27,53,49,4.0,37.0,35.0,38.0,28.0,64.0,31.0,42.0,72.0,56.0,9.0,65.0,4.0,67.0,66.0,43.0,30.0,68.0,63.0,0.0,0.6486486486486487,0.8285714285714286,0.7894736842105263,0.5357142857142857,0.796875,0.8064516129032258,0.8809523809523809,0.5694444444444444,0.8214285714285714,0.0,0.5692307692307692,0.0,0.7164179104477612,0.7575757575757576,0.6976744186046512,0.9,0.7794117647058824,0.7777777777777778,12,8,9,73.0,17.0,23.0,20.0,43.0,0.1643835616438356,0.4705882352941176,0.0,0.0,0.2093023255813953,19,9.0,70.0,3.684210526315789,16.000000000000004,71.8,3.778947368421053,15.3,1.3,-1.8,0.7,-2.5,0.1494228072068184,0.551,0.366,0.294,0.1,0.7,L (-26),L (-26)
63.0,,2023-03-02,23-142,SAS,IND,,0.0,0.0,0.0,,,,,,0.0,,0.0,0.0,,0.0,0.0,0.0,0.0,0.0,0.0,,,,,,24,29,30,15,51,25,37,41,46,37,48,50,30,27,53,49,4.0,37.0,35.0,38.0,28.0,64.0,31.0,42.0,72.0,56.0,9.0,65.0,4.0,67.0,66.0,43.0,30.0,68.0,63.0,0.0,0.6486486486486487,0.8285714285714286,0.7894736842105263,0.5357142857142857,0.796875,0.8064516129032258,0.8809523809523809,0.5694444444444444,0.8214285714285714,0.0,0.5692307692307692,0.0,0.7164179104477612,0.7575757575757576,0.6976744186046512,0.9,0.7794117647058824,0.7777777777777778,12,8,9,73.0,17.0,23.0,20.0,43.0,0.1643835616438356,0.4705882352941176,0.0,0.0,0.2093023255813953,19,,63.0,3.3157894736842106,0.0,74.3,3.9105263157894736,15.3,1.3,-1.8,0.7,-2.5,0.1494228072068184,0.551,0.366,0.294,0.1,0.7,,
64.0,,2023-03-04,23-144,SAS,HOU,,0.0,0.0,0.0,,,,,,0.0,,0.0,0.0,,0.0,0.0,0.0,0.0,0.0,0.0,,,,,,24,29,30,15,51,25,37,41,46,37,48,50,30,27,53,49,4.0,37.0,35.0,38.0,28.0,64.0,31.0,42.0,72.0,56.0,9.0,65.0,4.0,67.0,66.0,43.0,30.0,68.0,63.0,0.0,0.6486486486486487,0.8285714285714286,0.7894736842105263,0.5357142857142857,0.796875,0.8064516129032258,0.8809523809523809,0.5694444444444444,0.8214285714285714,0.0,0.5692307692307692,0.0,0.7164179104477612,0.7575757575757576,0.6976744186046512,0.9,0.7794117647058824,0.7777777777777778,12,8,9,73.0,17.0,23.0,20.0,43.0,0.1643835616438356,0.4705882352941176,0.0,0.0,0.2093023255813953,19,,67.0,3.526315789473684,0.0,74.19999999999999,3.905263157894736,15.3,1.3,-1.8,0.7,-2.5,0.1494228072068184,0.551,0.366,0.294,0.1,0.7,L (-16),L (-16)
65.0,56.0,2023-03-05,23-145,SAS,HOU,1,26.933333333333334,3.0,10.0,.300,1.0,4.0,.250,1,2.0,.500,1.0,3.0,4.0,5.0,0.0,1.0,5.0,2.0,8.0,1.8,-22,6.0,2.0,0.3333333333333333,24,29,30,15,51,25,37,41,46,37,48,50,30,27,53,49,4.0,37.0,35.0,38.0,28.0,64.0,31.0,42.0,72.0,56.0,9.0,65.0,4.0,67.0,66.0,43.0,30.0,68.0,63.0,0.0,0.6486486486486487,0.8285714285714286,0.7894736842105263,0.5357142857142857,0.796875,0.8064516129032258,0.8809523809523809,0.5694444444444444,0.8214285714285714,0.0,0.5692307692307692,0.0,0.7164179104477612,0.7575757575757576,0.6976744186046512,0.9,0.7794117647058824,0.7777777777777778,12,8,9,73.0,17.0,23.0,20.0,43.0,0.1643835616438356,0.4705882352941176,0.0,0.0,0.2093023255813953,19,1.0,40.0,2.1052631578947367,1.3999999999999986,61.4,3.231578947368421,15.3,1.3,-1.8,0.7,-2.5,0.1494228072068184,0.551,0.366,0.294,0.1,0.7,W (+8),W (+8)
66.0,57.0,2023-03-10,23-150,SAS,DEN,1,35.766666666666666,8.0,17.0,.471,3.0,5.0,.600,4,4.0,1.000,1.0,7.0,8.0,6.0,2.0,0.0,3.0,1.0,23.0,19.9,+9,12.0,5.0,0.4166666666666667,24,29,30,15,51,25,37,41,46,37,48,50,30,27,53,49,4.0,37.0,35.0,38.0,28.0,64.0,31.0,42.0,72.0,56.0,9.0,65.0,4.0,67.0,66.0,43.0,30.0,68.0,63.0,0.0,0.6486486486486487,0.8285714285714286,0.7894736842105263,0.5357142857142857,0.796875,0.8064516129032258,0.8809523809523809,0.5694444444444444,0.8214285714285714,0.0,0.5692307692307692,0.0,0.7164179104477612,0.7575757575757576,0.6976744186046512,0.9,0.7794117647058824,0.7777777777777778,12,8,9,73.0,17.0,23.0,20.0,43.0,0.1643835616438356,0.4705882352941176,0.0,0.0,0.2093023255813953,19,15.0,82.0,4.315789473684211,18.300000000000004,89.9,4.731578947368422,15.3,1.3,-1.8,0.7,-2.5,0.1494228072068184,0.551,0.366,0.294,0.1,0.7,W (+11),W (+11)
67.0,,2023-03-12,23-152,SAS,OKC,,0.0,0.0,0.0,,,,,,0.0,,0.0,0.0,,0.0,0.0,0.0,0.0,0.0,0.0,,,,,,24,29,30,15,51,25,37,41,46,37,48,50,30,27,53,49,4.0,37.0,35.0,38.0,28.0,64.0,31.0,42.0,72.0,56.0,9.0,65.0,4.0,67.0,66.0,43.0,30.0,68.0,63.0,0.0,0.6486486486486487,0.8285714285714286,0.7894736842105263,0.5357142857142857,0.796875,0.8064516129032258,0.8809523809523809,0.5694444444444444,0.8214285714285714,0.0,0.5692307692307692,0.0,0.7164179104477612,0.7575757575757576,0.6976744186046512,0.9,0.7794117647058824,0.7777777777777778,12,8,9,73.0,17.0,23.0,20.0,43.0,0.1643835616438356,0.4705882352941176,0.0,0.0,0.2093023255813953,19,,40.0,2.1052631578947367,0.0,38.99999999999999,2.052631578947368,15.3,1.3,-1.8,0.7,-2.5,0.1494228072068184,0.551,0.366,0.294,0.1,0.7,L (-12),L (-12)
68.0,,2023-03-14,23-154,SAS,ORL,Did Not Play,0.0,0.0,0.0,Did Not Play,,,Did Not Play,Did Not Play,0.0,Did Not Play,0.0,0.0,,0.0,0.0,0.0,0.0,0.0,0.0,Did Not Play,Did Not Play,,,,24,29,30,15,51,25,37,41,46,37,48,50,30,27,53,49,4.0,37.0,35.0,38.0,28.0,64.0,31.0,42.0,72.0,56.0,9.0,65.0,4.0,67.0,66.0,43.0,30.0,68.0,63.0,0.0,0.6486486486486487,0.8285714285714286,0.7894736842105263,0.5357142857142857,0.796875,0.8064516129032258,0.8809523809523809,0.5694444444444444,0.8214285714285714,0.0,0.5692307692307692,0.0,0.7164179104477612,0.7575757575757576,0.6976744186046512,0.9,0.7794117647058824,0.7777777777777778,12,8,9,73.0,17.0,23.0,20.0,43.0,0.1643835616438356,0.4705882352941176,0.0,0.0,0.2093023255813953,19,,109.0,5.7368421052631575,0.0,118.6,6.242105263157894,15.3,1.3,-1.8,0.7,-2.5,0.1494228072068184,0.551,0.366,0.294,0.1,0.7,L (-32),L (-32)
69.0,58.0,2023-03-15,23-155,SAS,DAL,1,36.05,11.0,25.0,.440,3.0,8.0,.375,2,6.0,.333,2.0,6.0,8.0,2.0,0.0,0.0,2.0,6.0,27.0,12.5,-7,17.0,8.0,0.4705882352941176,24,29,30,15,51,25,37,41,46,37,48,50,30,27,53,49,4.0,37.0,35.0,38.0,28.0,64.0,31.0,42.0,72.0,56.0,9.0,65.0,4.0,67.0,66.0,43.0,30.0,68.0,63.0,0.0,0.6486486486486487,0.8285714285714286,0.7894736842105263,0.5357142857142857,0.796875,0.8064516129032258,0.8809523809523809,0.5694444444444444,0.8214285714285714,0.0,0.5692307692307692,0.0,0.7164179104477612,0.7575757575757576,0.6976744186046512,0.9,0.7794117647058824,0.7777777777777778,12,8,9,73.0,17.0,23.0,20.0,43.0,0.1643835616438356,0.4705882352941176,0.0,0.0,0.2093023255813953,19,4.0,71.0,3.736842105263158,11.699999999999994,83.5,4.394736842105263,15.3,1.3,-1.8,0.7,-2.5,0.1494228072068184,0.551,0.366,0.294,0.1,0.7,W (+8),W (+8)
70.0,59.0,2023-03-17,23-157,SAS,MEM,1,38.45,8.0,21.0,.381,4.0,11.0,.364,1,1.0,1.000,1.0,4.0,5.0,0.0,3.0,0.0,1.0,4.0,21.0,11.8,-9,10.0,4.0,0.4,24,29,30,15,51,25,37,41,46,37,48,50,30,27,53,49,4.0,37.0,35.0,38.0,28.0,64.0,31.0,42.0,72.0,56.0,9.0,65.0,4.0,67.0,66.0,43.0,30.0,68.0,63.0,0.0,0.6486486486486487,0.8285714285714286,0.7894736842105263,0.5357142857142857,0.796875,0.8064516129032258,0.8809523809523809,0.5694444444444444,0.8214285714285714,0.0,0.5692307692307692,0.0,0.7164179104477612,0.7575757575757576,0.6976744186046512,0.9,0.7794117647058824,0.7777777777777778,12,8,9,73.0,17.0,23.0,20.0,43.0,0.1643835616438356,0.4705882352941176,0.0,0.0,0.2093023255813953,19,6.0,98.0,5.157894736842105,11.4,111.0,5.842105263157895,15.3,1.3,-1.8,0.7,-2.5,0.1494228072068184,0.551,0.366,0.294,0.1,0.7,L (-12),L (-12)
71.0,60.0,2023-03-19,23-159,SAS,ATL,1,32.916666666666664,13.0,21.0,.619,2.0,3.0,.667,1,5.0,.200,1.0,11.0,12.0,5.0,1.0,0.0,3.0,1.0,29.0,23.0,+14,18.0,11.0,0.6111111111111112,24,29,30,15,51,25,37,41,46,37,48,50,30,27,53,49,4.0,37.0,35.0,38.0,28.0,64.0,31.0,42.0,72.0,56.0,9.0,65.0,4.0,67.0,66.0,43.0,30.0,68.0,63.0,0.0,0.6486486486486487,0.8285714285714286,0.7894736842105263,0.5357142857142857,0.796875,0.8064516129032258,0.8809523809523809,0.5694444444444444,0.8214285714285714,0.0,0.5692307692307692,0.0,0.7164179104477612,0.7575757575757576,0.6976744186046512,0.9,0.7794117647058824,0.7777777777777778,12,8,9,73.0,17.0,23.0,20.0,43.0,0.1643835616438356,0.4705882352941176,0.0,0.0,0.2093023255813953,19,18.0,69.0,3.631578947368421,22.600000000000005,81.89999999999999,4.310526315789473,15.3,1.3,-1.8,0.7,-2.5,0.1494228072068184,0.551,0.366,0.294,0.1,0.7,W (+18),W (+18)
72.0,,2023-03-21,23-161,SAS,NOP,Did Not Play,0.0,0.0,0.0,Did Not Play,,,Did Not Play,Did Not Play,0.0,Did Not Play,0.0,0.0,,0.0,0.0,0.0,0.0,0.0,0.0,Did Not Play,Did Not Play,,,,24,29,30,15,51,25,37,41,46,37,48,50,30,27,53,49,4.0,37.0,35.0,38.0,28.0,64.0,31.0,42.0,72.0,56.0,9.0,65.0,4.0,67.0,66.0,43.0,30.0,68.0,63.0,0.0,0.6486486486486487,0.8285714285714286,0.7894736842105263,0.5357142857142857,0.796875,0.8064516129032258,0.8809523809523809,0.5694444444444444,0.8214285714285714,0.0,0.5692307692307692,0.0,0.7164179104477612,0.7575757575757576,0.6976744186046512,0.9,0.7794117647058824,0.7777777777777778,12,8,9,73.0,17.0,23.0,20.0,43.0,0.1643835616438356,0.4705882352941176,0.0,0.0,0.2093023255813953,19,,30.0,1.5789473684210529,0.0,33.49999999999999,1.7631578947368418,15.3,1.3,-1.8,0.7,-2.5,0.1494228072068184,0.551,0.366,0.294,0.1,0.7,L (-9),L (-9)
73.0,,2023-03-22,23-162,SAS,MIL,Did Not Play,0.0,0.0,0.0,Did Not Play,,,Did Not Play,Did Not Play,0.0,Did Not Play,0.0,0.0,,0.0,0.0,0.0,0.0,0.0,0.0,Did Not Play,Did Not Play,,,,24,29,30,15,51,25,37,41,46,37,48,50,30,27,53,49,4.0,37.0,35.0,38.0,28.0,64.0,31.0,42.0,72.0,56.0,9.0,65.0,4.0,67.0,66.0,43.0,30.0,68.0,63.0,0.0,0.6486486486486487,0.8285714285714286,0.7894736842105263,0.5357142857142857,0.796875,0.8064516129032258,0.8809523809523809,0.5694444444444444,0.8214285714285714,0.0,0.5692307692307692,0.0,0.7164179104477612,0.7575757575757576,0.6976744186046512,0.9,0.7794117647058824,0.7777777777777778,12,8,9,73.0,17.0,23.0,20.0,43.0,0.1643835616438356,0.4705882352941176,0.0,0.0,0.2093023255813953,19,,28.0,1.4736842105263157,0.0,46.70000000000001,2.4578947368421056,15.3,1.3,-1.8,0.7,-2.5,0.1494228072068184,0.551,0.366,0.294,0.1,0.7,L (-6),L (-6)
74.0,61.0,2023-03-24,23-164,SAS,WAS,1,30.516666666666666,11.0,17.0,.647,3.0,5.0,.600,5,9.0,.556,3.0,7.0,10.0,4.0,0.0,0.0,1.0,0.0,30.0,26.9,+3,12.0,8.0,0.6666666666666666,24,29,30,15,51,25,37,41,46,37,48,50,30,27,53,49,4.0,37.0,35.0,38.0,28.0,64.0,31.0,42.0,72.0,56.0,9.0,65.0,4.0,67.0,66.0,43.0,30.0,68.0,63.0,0.0,0.6486486486486487,0.8285714285714286,0.7894736842105263,0.5357142857142857,0.796875,0.8064516129032258,0.8809523809523809,0.5694444444444444,0.8214285714285714,0.0,0.5692307692307692,0.0,0.7164179104477612,0.7575757575757576,0.6976744186046512,0.9,0.7794117647058824,0.7777777777777778,12,8,9,73.0,17.0,23.0,20.0,43.0,0.1643835616438356,0.4705882352941176,0.0,0.0,0.2093023255813953,19,17.0,80.0,4.2105263157894735,24.9,81.9,4.310526315789474,15.3,1.3,-1.8,0.7,-2.5,0.1494228072068184,0.551,0.366,0.294,0.1,0.7,W (+8),W (+8)
75.0,,2023-03-26,23-166,SAS,BOS,,0.0,0.0,0.0,,,,,,0.0,,0.0,0.0,,0.0,0.0,0.0,0.0,0.0,0.0,,,,,,24,29,30,15,51,25,37,41,46,37,48,50,30,27,53,49,4.0,37.0,35.0,38.0,28.0,64.0,31.0,42.0,72.0,56.0,9.0,65.0,4.0,67.0,66.0,43.0,30.0,68.0,63.0,0.0,0.6486486486486487,0.8285714285714286,0.7894736842105263,0.5357142857142857,0.796875,0.8064516129032258,0.8809523809523809,0.5694444444444444,0.8214285714285714,0.0,0.5692307692307692,0.0,0.7164179104477612,0.7575757575757576,0.6976744186046512,0.9,0.7794117647058824,0.7777777777777778,12,8,9,73.0,17.0,23.0,20.0,43.0,0.1643835616438356,0.4705882352941176,0.0,0.0,0.2093023255813953,19,,72.0,3.789473684210526,0.0,91.40000000000002,4.810526315789475,15.3,1.3,-1.8,0.7,-2.5,0.1494228072068184,0.551,0.366,0.294,0.1,0.7,L (-35),L (-35)
76.0,,2023-03-29,23-169,SAS,UTA,,0.0,0.0,0.0,,,,,,0.0,,0.0,0.0,,0.0,0.0,0.0,0.0,0.0,0.0,,,,,,24,29,30,15,51,25,37,41,46,37,48,50,30,27,53,49,4.0,37.0,35.0,38.0,28.0,64.0,31.0,42.0,72.0,56.0,9.0,65.0,4.0,67.0,66.0,43.0,30.0,68.0,63.0,0.0,0.6486486486486487,0.8285714285714286,0.7894736842105263,0.5357142857142857,0.796875,0.8064516129032258,0.8809523809523809,0.5694444444444444,0.8214285714285714,0.0,0.5692307692307692,0.0,0.7164179104477612,0.7575757575757576,0.6976744186046512,0.9,0.7794117647058824,0.7777777777777778,12,8,9,73.0,17.0,23.0,20.0,43.0,0.1643835616438356,0.4705882352941176,0.0,0.0,0.2093023255813953,19,,60.0,3.1578947368421053,0.0,74.39999999999999,3.91578947368421,15.3,1.3,-1.8,0.7,-2.5,0.1494228072068184,0.551,0.366,0.294,0.1,0.7,L (-36),L (-36)
77.0,62.0,2023-03-31,23-171,SAS,GSW,1,31.9,7.0,17.0,.412,3.0,7.0,.429,5,7.0,.714,0.0,1.0,1.0,4.0,1.0,0.0,1.0,2.0,22.0,14.4,-4,10.0,4.0,0.4,24,29,30,15,51,25,37,41,46,37,48,50,30,27,53,49,4.0,37.0,35.0,38.0,28.0,64.0,31.0,42.0,72.0,56.0,9.0,65.0,4.0,67.0,66.0,43.0,30.0,68.0,63.0,0.0,0.6486486486486487,0.8285714285714286,0.7894736842105263,0.5357142857142857,0.796875,0.8064516129032258,0.8809523809523809,0.5694444444444444,0.8214285714285714,0.0,0.5692307692307692,0.0,0.7164179104477612,0.7575757575757576,0.6976744186046512,0.9,0.7794117647058824,0.7777777777777778,12,8,9,73.0,17.0,23.0,20.0,43.0,0.1643835616438356,0.4705882352941176,0.0,0.0,0.2093023255813953,19,3.0,60.0,3.1578947368421053,12.400000000000002,77.6,4.084210526315789,15.3,1.3,-1.8,0.7,-2.5,0.1494228072068184,0.551,0.366,0.294,0.1,0.7,L (-12),L (-12)
78.0,,2023-04-02,23-173,SAS,SAC,,0.0,0.0,0.0,,,,,,0.0,,0.0,0.0,,0.0,0.0,0.0,0.0,0.0,0.0,,,,,,24,29,30,15,51,25,37,41,46,37,48,50,30,27,53,49,4.0,37.0,35.0,38.0,28.0,64.0,31.0,42.0,72.0,56.0,9.0,65.0,4.0,67.0,66.0,43.0,30.0,68.0,63.0,0.0,0.6486486486486487,0.8285714285714286,0.7894736842105263,0.5357142857142857,0.796875,0.8064516129032258,0.8809523809523809,0.5694444444444444,0.8214285714285714,0.0,0.5692307692307692,0.0,0.7164179104477612,0.7575757575757576,0.6976744186046512,0.9,0.7794117647058824,0.7777777777777778,12,8,9,73.0,17.0,23.0,20.0,43.0,0.1643835616438356,0.4705882352941176,0.0,0.0,0.2093023255813953,19,,92.0,4.842105263157895,0.0,106.79999999999998,5.621052631578946,15.3,1.3,-1.8,0.7,-2.5,0.1494228072068184,0.551,0.366,0.294,0.1,0.7,L (-44),L (-44)
79.0,,2023-04-04,23-175,SAS,PHO,,0.0,0.0,0.0,,,,,,0.0,,0.0,0.0,,0.0,0.0,0.0,0.0,0.0,0.0,,,,,,24,29,30,15,51,25,37,41,46,37,48,50,30,27,53,49,4.0,37.0,35.0,38.0,28.0,64.0,31.0,42.0,72.0,56.0,9.0,65.0,4.0,67.0,66.0,43.0,30.0,68.0,63.0,0.0,0.6486486486486487,0.8285714285714286,0.7894736842105263,0.5357142857142857,0.796875,0.8064516129032258,0.8809523809523809,0.5694444444444444,0.8214285714285714,0.0,0.5692307692307692,0.0,0.7164179104477612,0.7575757575757576,0.6976744186046512,0.9,0.7794117647058824,0.7777777777777778,12,8,9,73.0,17.0,23.0,20.0,43.0,0.1643835616438356,0.4705882352941176,0.0,0.0,0.2093023255813953,19,,53.0,2.789473684210526,0.0,68.2,3.5894736842105264,15.3,1.3,-1.8,0.7,-2.5,0.1494228072068184,0.551,0.366,0.294,0.1,0.7,L (-11),L (-11)
80.0,63.0,2023-04-06,23-177,SAS,POR,1,32.25,10.0,24.0,.417,1.0,8.0,.125,3,3.0,1.000,1.0,4.0,5.0,4.0,1.0,0.0,2.0,2.0,24.0,14.1,+1,16.0,9.0,0.5625,24,29,30,15,51,25,37,41,46,37,48,50,30,27,53,49,4.0,37.0,35.0,38.0,28.0,64.0,31.0,42.0,72.0,56.0,9.0,65.0,4.0,67.0,66.0,43.0,30.0,68.0,63.0,0.0,0.6486486486486487,0.8285714285714286,0.7894736842105263,0.5357142857142857,0.796875,0.8064516129032258,0.8809523809523809,0.5694444444444444,0.8214285714285714,0.0,0.5692307692307692,0.0,0.7164179104477612,0.7575757575757576,0.6976744186046512,0.9,0.7794117647058824,0.7777777777777778,12,8,9,73.0,17.0,23.0,20.0,43.0,0.1643835616438356,0.4705882352941176,0.0,0.0,0.2093023255813953,19,5.0,63.0,3.3157894736842106,12.9,83.4,4.389473684210526,15.3,1.3,-1.8,0.7,-2.5,0.1494228072068184,0.551,0.366,0.294,0.1,0.7,L (-15),L (-15)
81.0,,2023-04-08,23-179,SAS,MIN,,0.0,0.0,0.0,,,,,,0.0,,0.0,0.0,,0.0,0.0,0.0,0.0,0.0,0.0,,,,,,24,29,30,15,51,25,37,41,46,37,48,50,30,27,53,49,4.0,37.0,35.0,38.0,28.0,64.0,31.0,42.0,72.0,56.0,9.0,65.0,4.0,67.0,66.0,43.0,30.0,68.0,63.0,0.0,0.6486486486486487,0.8285714285714286,0.7894736842105263,0.5357142857142857,0.796875,0.8064516129032258,0.8809523809523809,0.5694444444444444,0.8214285714285714,0.0,0.5692307692307692,0.0,0.7164179104477612,0.7575757575757576,0.6976744186046512,0.9,0.7794117647058824,0.7777777777777778,12,8,9,73.0,17.0,23.0,20.0,43.0,0.1643835616438356,0.4705882352941176,0.0,0.0,0.2093023255813953,19,,56.0,2.9473684210526314,0.0,70.5,3.710526315789474,15.3,1.3,-1.8,0.7,-2.5,0.1494228072068184,0.551,0.366,0.294,0.1,0.7,W (+8),W (+8)
82.0,,2023-04-09,23-180,SAS,DAL,,0.0,0.0,0.0,,,,,,0.0,,0.0,0.0,,0.0,0.0,0.0,0.0,0.0,0.0,,,,,,24,29,30,15,51,25,37,41,46,37,48,50,30,27,53,49,4.0,37.0,35.0,38.0,28.0,64.0,31.0,42.0,72.0,56.0,9.0,65.0,4.0,67.0,66.0,43.0,30.0,68.0,63.0,0.0,0.6486486486486487,0.8285714285714286,0.7894736842105263,0.5357142857142857,0.796875,0.8064516129032258,0.8809523809523809,0.5694444444444444,0.8214285714285714,0.0,0.5692307692307692,0.0,0.7164179104477612,0.7575757575757576,0.6976744186046512,0.9,0.7794117647058824,0.7777777777777778,12,8,9,73.0,17.0,23.0,20.0,43.0,0.1643835616438356,0.4705882352941176,0.0,0.0,0.2093023255813953,19,,61.0,3.210526315789474,0.0,69.0,3.631578947368421,15.3,1.3,-1.8,0.7,-2.5,0.1494228072068184,0.551,0.366,0.294,0.1,0.7,L (-21),L (-21)
